2023;;4;;1;;1;;1;;1;;COR;;115;;51.684;;0.0;;0.0;;12.193;;7.536;;0.0;;0.0;;nan;;0.0
2023;;4;;1;;1;;2;;1;;SIS;;115;;51.746;;0.0;;0.0;;12.193;;7.536;;0.0;;0.0;;nan;;0.0
2023;;4;;2;;2;;3;;1;;GCH;;69;;54.345;;27.173;;27.173;;12.193;;7.536;;0.0;;0.0;;nan;;0.0
2023;;4;;2;;3;;4;;1;;ARJ;;69;;55.097;;27.173;;27.173;;12.193;;7.536;;0.0;;0.0;;nan;;0.0
2023;;4;;2;;4;;5;;1;;KAR;;69;;55.469;;0.0;;0.0;;12.193;;7.536;;0.0;;0.0;;nan;;0.0
2023;;4;;3;;1;;6;;1;;VHE;;115;;53.904;;0.0;;0.0;;12.193;;7.536;;0.0;;0.0;;nan;;0.0
2023;;4;;4;;5;;7;;1;;KEN;;115;;53.611;;0.0;;27.173;;12.193;;7.536;;0.0;;0.0;;nan;;0.0
2023;;4;;4;;6;;8;;1;;VIN;;69;;54.558;;0.0;;0.0;;12.193;;7.536;;0.0;;0.0;;nan;;0.0
2023;;4;;3;;1;;9;;1;;CAR;;230;;52.63;;0.0;;0.0;;12.193;;7.536;;0.0;;0.0;;nan;;0.0
2023;;4;;5;;5;;10;;1;;KEN;;115;;53.611;;0.0;;0.0;;12.193;;7.536;;0.0;;0.0;;nan;;0.0
2023;;4;;6;;1;;11;;1;;ARO;;115;;54.168;;0.0;;0.0;;12.193;;7.536;;0.0;;0.0;;nan;;0.0
2023;;4;;7;;1;;12;;1;;CAR;;230;;52.63;;0.0;;0.0;;12.193;;7.536;;0.0;;0.0;;nan;;0.0
2023;;4;;8;;4;;13;;1;;PUN;;69;;54.186;;0.0;;0.0;;12.193;;7.536;;0.0;;0.0;;nan;;0.0
2023;;4;;9;;2;;3;;2;;GCH;;69;;54.345;;1.433;;2.671;;17.503;;10.153;;113.06;;54.345;;nan;;1.433
2023;;4;;9;;2;;14;;2;;URU;;69;;54.566;;1.433;;2.671;;17.503;;10.153;;110.525;;54.566;;nan;;1.433
2023;;4;;10;;5;;15;;2;;KEN;;115;;53.611;;1.433;;2.671;;17.503;;10.153;;72.082;;29.969;;nan;;0.801
2023;;4;;11;;1;;16;;2;;ARO;;115;;54.168;;1.433;;2.671;;17.503;;10.153;;111.617;;54.168;;nan;;1.433
2023;;4;;11;;1;;6;;2;;VHE;;115;;53.904;;1.433;;2.671;;17.503;;10.153;;111.475;;53.904;;nan;;1.433
2023;;4;;11;;1;;17;;2;;CBC;;115;;54.54;;1.433;;2.671;;17.503;;10.153;;112.334;;54.54;;nan;;1.433
2023;;4;;11;;1;;18;;2;;CHI;;230;;52.798;;1.433;;2.671;;17.503;;10.153;;109.098;;52.798;;nan;;1.433
2023;;4;;12;;6;;19;;3;;VIN;;115;;54.442;;1.433;;2.671;;17.503;;10.153;;0.0;;0.0;;nan;;0.0
2023;;4;;13;;6;;20;;3;;VIN;;69;;54.558;;1.433;;2.671;;17.503;;10.153;;0.0;;0.0;;nan;;0.0
2023;;4;;14;;4;;21;;2;;CBC;;115;;54.54;;1.433;;2.671;;17.503;;10.153;;0.0;;0.0;;nan;;0.0
2023;;4;;15;;6;;22;;2;;VIN;;69;;54.558;;1.433;;2.671;;17.503;;10.153;;113.992;;48.611;;nan;;1.277
2023;;4;;15;;6;;23;;2;;CAT;;69;;55.3;;1.433;;2.671;;17.503;;10.153;;116.713;;49.272;;nan;;1.277
2023;;4;;16;;4;;24;;2;;SAC;;115;;54.885;;1.433;;2.671;;17.503;;10.153;;136.039;;54.885;;nan;;1.433
2023;;4;;16;;4;;25;;2;;OCU;;115;;55.61;;1.433;;2.671;;17.503;;10.153;;130.353;;55.61;;nan;;1.433
2023;;4;;16;;4;;26;;2;;POT;;69;;55.902;;1.433;;2.671;;17.503;;10.153;;129.946;;55.902;;nan;;1.433
2023;;4;;16;;4;;27;;2;;DDI;;69;;55.636;;1.433;;2.671;;17.503;;10.153;;129.244;;55.636;;nan;;1.433
2023;;4;;16;;4;;28;;2;;KAR;;69;;55.469;;1.433;;2.671;;17.503;;10.153;;128.757;;55.469;;nan;;1.433
2023;;4;;8;;4;;29;;4;;PUN;;69;;54.186;;1.433;;2.671;;17.503;;10.153;;0.0;;0.0;;nan;;0.0
2023;;4;;17;;4;;30;;2;;MAR;;69;;55.407;;1.433;;2.671;;17.503;;10.153;;128.176;;55.407;;nan;;1.433
2023;;4;;17;;4;;31;;2;;ARJ;;69;;55.097;;1.433;;2.671;;17.503;;10.153;;129.009;;55.097;;nan;;1.433
2023;;4;;1;;1;;1;;1;;COR;;115;;51.776;;0.0;;0.0;;12.219;;7.551;;0.0;;0.0;;nan;;0.0
2023;;4;;1;;1;;2;;1;;SIS;;115;;51.838;;0.0;;0.0;;12.219;;7.551;;0.0;;0.0;;nan;;0.0
2023;;4;;2;;2;;3;;1;;GCH;;69;;54.442;;27.221;;27.221;;12.219;;7.551;;0.0;;0.0;;nan;;0.0
2023;;4;;2;;3;;4;;1;;ARJ;;69;;55.195;;27.221;;27.221;;12.219;;7.551;;0.0;;0.0;;nan;;0.0
2023;;4;;2;;4;;5;;1;;KAR;;69;;55.567;;0.0;;0.0;;12.219;;7.551;;0.0;;0.0;;nan;;0.0
2023;;4;;3;;1;;6;;1;;VHE;;115;;53.999;;0.0;;0.0;;12.219;;7.551;;0.0;;0.0;;nan;;0.0
2023;;4;;4;;5;;7;;1;;KEN;;115;;53.706;;0.0;;27.221;;12.219;;7.551;;0.0;;0.0;;nan;;0.0
2023;;4;;4;;6;;8;;1;;VIN;;69;;54.654;;0.0;;0.0;;12.219;;7.551;;0.0;;0.0;;nan;;0.0
2023;;4;;3;;1;;9;;1;;CAR;;230;;52.723;;0.0;;0.0;;12.219;;7.551;;0.0;;0.0;;nan;;0.0
2023;;4;;5;;5;;10;;1;;KEN;;115;;53.706;;0.0;;0.0;;12.219;;7.551;;0.0;;0.0;;nan;;0.0
2023;;4;;6;;1;;11;;1;;ARO;;115;;54.264;;0.0;;0.0;;12.219;;7.551;;0.0;;0.0;;nan;;0.0
2023;;4;;7;;1;;12;;1;;CAR;;230;;52.723;;0.0;;0.0;;12.219;;7.551;;0.0;;0.0;;nan;;0.0
2023;;4;;8;;4;;13;;1;;PUN;;69;;54.282;;0.0;;0.0;;12.219;;7.551;;0.0;;0.0;;nan;;0.0
2023;;4;;9;;2;;3;;2;;GCH;;69;;54.442;;1.435;;2.675;;17.54;;10.174;;111.513;;54.442;;nan;;1.435
2023;;4;;9;;2;;14;;2;;URU;;69;;54.663;;1.435;;2.675;;17.54;;10.174;;109.134;;54.663;;nan;;1.435
2023;;4;;10;;5;;15;;2;;KEN;;115;;53.706;;1.435;;2.675;;17.54;;10.174;;71.176;;30.022;;nan;;0.802
2023;;4;;11;;1;;16;;2;;ARO;;115;;54.264;;1.435;;2.675;;17.54;;10.174;;110.213;;54.264;;nan;;1.435
2023;;4;;11;;1;;6;;2;;VHE;;115;;53.999;;1.435;;2.675;;17.54;;10.174;;110.077;;53.999;;nan;;1.435
2023;;4;;11;;1;;17;;2;;CBC;;115;;54.636;;1.435;;2.675;;17.54;;10.174;;110.92;;54.636;;nan;;1.435
2023;;4;;11;;1;;18;;2;;CHI;;230;;52.892;;1.435;;2.675;;17.54;;10.174;;107.725;;52.892;;nan;;1.435
2023;;4;;12;;6;;19;;3;;VIN;;115;;54.539;;1.435;;2.675;;17.54;;10.174;;0.0;;0.0;;nan;;0.0
2023;;4;;13;;6;;20;;3;;VIN;;69;;54.654;;1.435;;2.675;;17.54;;10.174;;0.0;;0.0;;nan;;0.0
2023;;4;;14;;4;;21;;2;;CBC;;115;;54.636;;1.435;;2.675;;17.54;;10.174;;0.0;;0.0;;nan;;0.0
2023;;4;;15;;6;;22;;2;;VIN;;69;;54.654;;1.435;;2.675;;17.54;;10.174;;112.557;;48.697;;nan;;1.279
2023;;4;;15;;6;;23;;2;;CAT;;69;;55.398;;1.435;;2.675;;17.54;;10.174;;115.244;;49.36;;nan;;1.279
2023;;4;;16;;4;;24;;2;;SAC;;115;;54.983;;1.435;;2.675;;17.54;;10.174;;134.328;;54.983;;nan;;1.435
2023;;4;;16;;4;;25;;2;;OCU;;115;;55.708;;1.435;;2.675;;17.54;;10.174;;128.713;;55.708;;nan;;1.435
2023;;4;;16;;4;;26;;2;;POT;;69;;56.001;;1.435;;2.675;;17.54;;10.174;;128.341;;56.001;;nan;;1.435
2023;;4;;16;;4;;27;;2;;DDI;;69;;55.735;;1.435;;2.675;;17.54;;10.174;;127.648;;55.735;;nan;;1.435
2023;;4;;16;;4;;28;;2;;KAR;;69;;55.567;;1.435;;2.675;;17.54;;10.174;;127.167;;55.567;;nan;;1.435
2023;;4;;8;;4;;29;;4;;PUN;;69;;54.282;;1.435;;2.675;;17.54;;10.174;;0.0;;0.0;;nan;;0.0
2023;;4;;17;;4;;30;;2;;MAR;;69;;55.505;;1.435;;2.675;;17.54;;10.174;;126.593;;55.505;;nan;;1.435
2023;;4;;17;;4;;31;;2;;ARJ;;69;;55.195;;1.435;;2.675;;17.54;;10.174;;127.416;;55.195;;nan;;1.435
2023;;4;;1;;1;;1;;1;;COR;;115;;51.799;;0.0;;0.0;;12.228;;7.557;;0.0;;0.0;;nan;;0.0
2023;;4;;1;;1;;2;;1;;SIS;;115;;51.861;;0.0;;0.0;;12.228;;7.557;;0.0;;0.0;;nan;;0.0
2023;;4;;2;;2;;3;;1;;GCH;;69;;54.466;;27.233;;27.233;;12.228;;7.557;;0.0;;0.0;;nan;;0.0
2023;;4;;2;;3;;4;;1;;ARJ;;69;;55.22;;27.233;;27.233;;12.228;;7.557;;0.0;;0.0;;nan;;0.0
2023;;4;;2;;4;;5;;1;;KAR;;69;;55.592;;0.0;;0.0;;12.228;;7.557;;0.0;;0.0;;nan;;0.0
2023;;4;;3;;1;;6;;1;;VHE;;115;;54.023;;0.0;;0.0;;12.228;;7.557;;0.0;;0.0;;nan;;0.0
2023;;4;;4;;5;;7;;1;;KEN;;115;;53.73;;0.0;;27.233;;12.228;;7.557;;0.0;;0.0;;nan;;0.0
2023;;4;;4;;6;;8;;1;;VIN;;69;;54.679;;0.0;;0.0;;12.228;;7.557;;0.0;;0.0;;nan;;0.0
2023;;4;;3;;1;;9;;1;;CAR;;230;;52.746;;0.0;;0.0;;12.228;;7.557;;0.0;;0.0;;nan;;0.0
2023;;4;;5;;5;;10;;1;;KEN;;115;;53.73;;0.0;;0.0;;12.228;;7.557;;0.0;;0.0;;nan;;0.0
2023;;4;;6;;1;;11;;1;;ARO;;115;;54.288;;0.0;;0.0;;12.228;;7.557;;0.0;;0.0;;nan;;0.0
2023;;4;;7;;1;;12;;1;;CAR;;230;;52.746;;0.0;;0.0;;12.228;;7.557;;0.0;;0.0;;nan;;0.0
2023;;4;;8;;4;;13;;1;;PUN;;69;;54.306;;0.0;;0.0;;12.228;;7.557;;0.0;;0.0;;nan;;0.0
2023;;4;;9;;2;;3;;2;;GCH;;69;;54.466;;1.436;;2.677;;17.553;;10.182;;111.57;;54.466;;nan;;1.436
2023;;4;;9;;2;;14;;2;;URU;;69;;54.687;;1.436;;2.677;;17.553;;10.182;;109.21;;54.687;;nan;;1.436
2023;;4;;10;;5;;15;;2;;KEN;;115;;53.73;;1.436;;2.677;;17.553;;10.182;;71.225;;30.035;;nan;;0.803
2023;;4;;11;;1;;16;;2;;ARO;;115;;54.288;;1.436;;2.677;;17.553;;10.182;;110.29;;54.288;;nan;;1.436
2023;;4;;11;;1;;6;;2;;VHE;;115;;54.023;;1.436;;2.677;;17.553;;10.182;;110.153;;54.023;;nan;;1.436
2023;;4;;11;;1;;17;;2;;CBC;;115;;54.66;;1.436;;2.677;;17.553;;10.182;;110.997;;54.66;;nan;;1.436
2023;;4;;11;;1;;18;;2;;CHI;;230;;52.915;;1.436;;2.677;;17.553;;10.182;;107.801;;52.915;;nan;;1.436
2023;;4;;12;;6;;19;;3;;VIN;;115;;54.563;;1.436;;2.677;;17.553;;10.182;;0.0;;0.0;;nan;;0.0
2023;;4;;13;;6;;20;;3;;VIN;;69;;54.679;;1.436;;2.677;;17.553;;10.182;;0.0;;0.0;;nan;;0.0
2023;;4;;14;;4;;21;;2;;CBC;;115;;54.66;;1.436;;2.677;;17.553;;10.182;;0.0;;0.0;;nan;;0.0
2023;;4;;15;;6;;22;;2;;VIN;;69;;54.679;;1.436;;2.677;;17.553;;10.182;;112.637;;48.719;;nan;;1.279
2023;;4;;15;;6;;23;;2;;CAT;;69;;55.423;;1.436;;2.677;;17.553;;10.182;;115.325;;49.382;;nan;;1.279
2023;;4;;16;;4;;24;;2;;SAC;;115;;55.007;;1.436;;2.677;;17.553;;10.182;;134.422;;55.007;;nan;;1.436
2023;;4;;16;;4;;25;;2;;OCU;;115;;55.733;;1.436;;2.677;;17.553;;10.182;;128.803;;55.733;;nan;;1.436
2023;;4;;16;;4;;26;;2;;POT;;69;;56.026;;1.436;;2.677;;17.553;;10.182;;128.441;;56.026;;nan;;1.436
2023;;4;;16;;4;;27;;2;;DDI;;69;;55.76;;1.436;;2.677;;17.553;;10.182;;127.747;;55.76;;nan;;1.436
2023;;4;;16;;4;;28;;2;;KAR;;69;;55.592;;1.436;;2.677;;17.553;;10.182;;127.265;;55.592;;nan;;1.436
2023;;4;;8;;4;;29;;4;;PUN;;69;;54.306;;1.436;;2.677;;17.553;;10.182;;0.0;;0.0;;nan;;0.0
2023;;4;;17;;4;;30;;2;;MAR;;69;;55.53;;1.436;;2.677;;17.553;;10.182;;126.691;;55.53;;nan;;1.436
2023;;4;;17;;4;;31;;2;;ARJ;;69;;55.22;;1.436;;2.677;;17.553;;10.182;;127.515;;55.22;;nan;;1.436
2023;;4;;1;;1;;1;;1;;COR;;115;;51.851;;0.0;;0.0;;12.242;;7.566;;0.0;;0.0;;nan;;0.0
2023;;4;;1;;1;;2;;1;;SIS;;115;;51.913;;0.0;;0.0;;12.242;;7.566;;0.0;;0.0;;nan;;0.0
2023;;4;;2;;2;;3;;1;;GCH;;69;;54.521;;27.26;;27.26;;12.242;;7.566;;0.0;;0.0;;nan;;0.0
2023;;4;;2;;3;;4;;1;;ARJ;;69;;55.275;;27.26;;27.26;;12.242;;7.566;;0.0;;0.0;;nan;;0.0
2023;;4;;2;;4;;5;;1;;KAR;;69;;55.648;;0.0;;0.0;;12.242;;7.566;;0.0;;0.0;;nan;;0.0
2023;;4;;3;;1;;6;;1;;VHE;;115;;54.077;;0.0;;0.0;;12.242;;7.566;;0.0;;0.0;;nan;;0.0
2023;;4;;4;;5;;7;;1;;KEN;;115;;53.784;;0.0;;27.26;;12.242;;7.566;;0.0;;0.0;;nan;;0.0
2023;;4;;4;;6;;8;;1;;VIN;;69;;54.734;;0.0;;0.0;;12.242;;7.566;;0.0;;0.0;;nan;;0.0
2023;;4;;3;;1;;9;;1;;CAR;;230;;52.799;;0.0;;0.0;;12.242;;7.566;;0.0;;0.0;;nan;;0.0
2023;;4;;5;;5;;10;;1;;KEN;;115;;53.784;;0.0;;0.0;;12.242;;7.566;;0.0;;0.0;;nan;;0.0
2023;;4;;6;;1;;11;;1;;ARO;;115;;54.343;;0.0;;0.0;;12.242;;7.566;;0.0;;0.0;;nan;;0.0
2023;;4;;7;;1;;12;;1;;CAR;;230;;52.799;;0.0;;0.0;;12.242;;7.566;;0.0;;0.0;;nan;;0.0
2023;;4;;8;;4;;13;;1;;PUN;;69;;54.361;;0.0;;0.0;;12.242;;7.566;;0.0;;0.0;;nan;;0.0
2023;;4;;9;;2;;3;;2;;GCH;;69;;54.521;;1.438;;1.676;;17.573;;10.194;;110.534;;54.521;;nan;;1.438
2023;;4;;9;;2;;14;;2;;URU;;69;;54.742;;1.438;;1.676;;17.573;;10.194;;108.318;;54.742;;nan;;1.438
2023;;4;;10;;5;;15;;2;;KEN;;115;;53.784;;1.438;;1.676;;17.573;;10.194;;70.644;;30.065;;nan;;0.804
2023;;4;;11;;1;;16;;2;;ARO;;115;;54.343;;1.438;;1.676;;17.573;;10.194;;109.389;;54.343;;nan;;1.438
2023;;4;;11;;1;;6;;2;;VHE;;115;;54.077;;1.438;;1.676;;17.573;;10.194;;109.256;;54.077;;nan;;1.438
2023;;4;;11;;1;;17;;2;;CBC;;115;;54.715;;1.438;;1.676;;17.573;;10.194;;110.091;;54.715;;nan;;1.438
2023;;4;;11;;1;;18;;2;;CHI;;230;;52.968;;1.438;;1.676;;17.573;;10.194;;106.92;;52.968;;nan;;1.438
2023;;4;;12;;6;;19;;3;;VIN;;115;;54.618;;1.438;;1.676;;17.573;;10.194;;0.0;;0.0;;nan;;0.0
2023;;4;;13;;6;;20;;3;;VIN;;69;;54.734;;1.438;;1.676;;17.573;;10.194;;0.0;;0.0;;nan;;0.0
2023;;4;;14;;4;;21;;2;;CBC;;115;;54.715;;1.438;;1.676;;17.573;;10.194;;0.0;;0.0;;nan;;0.0
2023;;4;;15;;6;;22;;2;;VIN;;69;;54.734;;1.438;;1.676;;17.573;;10.194;;111.716;;48.768;;nan;;1.281
2023;;4;;15;;6;;23;;2;;CAT;;69;;55.479;;1.438;;1.676;;17.573;;10.194;;114.383;;49.432;;nan;;1.281
2023;;4;;16;;4;;24;;2;;SAC;;115;;55.062;;1.438;;1.676;;17.573;;10.194;;133.324;;55.062;;nan;;1.438
2023;;4;;16;;4;;25;;2;;OCU;;115;;55.789;;1.438;;1.676;;17.573;;10.194;;127.751;;55.789;;nan;;1.438
2023;;4;;16;;4;;26;;2;;POT;;69;;56.082;;1.438;;1.676;;17.573;;10.194;;127.429;;56.082;;nan;;1.438
2023;;4;;16;;4;;27;;2;;DDI;;69;;55.816;;1.438;;1.676;;17.573;;10.194;;126.741;;55.816;;nan;;1.438
2023;;4;;16;;4;;28;;2;;KAR;;69;;55.648;;1.438;;1.676;;17.573;;10.194;;126.263;;55.648;;nan;;1.438
2023;;4;;8;;4;;29;;4;;PUN;;69;;54.361;;1.438;;1.676;;17.573;;10.194;;0.0;;0.0;;nan;;0.0
2023;;4;;17;;4;;30;;2;;MAR;;69;;55.586;;1.438;;1.676;;17.573;;10.194;;125.694;;55.586;;nan;;1.438
2023;;4;;17;;4;;31;;2;;ARJ;;69;;55.275;;1.438;;1.676;;17.573;;10.194;;126.51;;55.275;;nan;;1.438
2023;;4;;1;;1;;1;;1;;COR;;115;;50.898;;0.0;;0.0;;12.003;;7.578;;0.0;;0.0;;nan;;0.0
2023;;4;;1;;1;;2;;1;;SIS;;115;;50.995;;0.0;;0.0;;12.003;;7.578;;0.0;;0.0;;nan;;0.0
2023;;4;;2;;2;;3;;1;;GCH;;69;;54.184;;27.097;;27.097;;12.003;;7.578;;0.0;;0.0;;nan;;0.0
2023;;4;;2;;3;;4;;1;;ARJ;;69;;53.796;;27.097;;27.097;;12.003;;7.578;;0.0;;0.0;;nan;;0.0
2023;;4;;2;;4;;5;;1;;KAR;;69;;54.668;;0.0;;0.0;;12.003;;7.578;;0.0;;0.0;;nan;;0.0
2023;;4;;3;;1;;6;;1;;VHE;;115;;52.977;;27.097;;27.097;;12.003;;7.578;;0.0;;0.0;;nan;;0.0
2023;;4;;4;;5;;7;;1;;KEN;;115;;52.88;;27.097;;27.097;;12.003;;7.578;;0.0;;0.0;;nan;;0.0
2023;;4;;4;;6;;8;;1;;VIN;;69;;53.778;;0.0;;0.0;;12.003;;7.578;;0.0;;0.0;;nan;;0.0
2023;;4;;3;;1;;9;;1;;CAR;;230;;52.272;;0.0;;0.0;;12.003;;7.578;;0.0;;0.0;;nan;;0.0
2023;;4;;5;;5;;10;;1;;KEN;;115;;52.88;;0.0;;0.0;;12.003;;7.578;;0.0;;0.0;;nan;;0.0
2023;;4;;6;;1;;11;;1;;ARO;;115;;53.259;;0.0;;0.0;;12.003;;7.578;;0.0;;0.0;;nan;;0.0
2023;;4;;7;;1;;12;;1;;CAR;;230;;52.272;;0.0;;0.0;;12.003;;7.578;;0.0;;0.0;;nan;;0.0
2023;;4;;8;;4;;13;;1;;PUN;;69;;53.267;;0.0;;0.0;;12.003;;7.578;;0.0;;0.0;;nan;;0.0
2023;;4;;9;;2;;3;;2;;GCH;;69;;54.184;;2.352;;1.298;;17.327;;10.259;;105.376;;54.184;;nan;;2.352
2023;;4;;9;;2;;14;;2;;URU;;69;;54.386;;2.352;;1.298;;17.327;;10.259;;102.72;;54.386;;nan;;2.352
2023;;4;;10;;5;;15;;2;;KEN;;115;;52.88;;2.352;;1.298;;17.327;;10.259;;67.534;;29.56;;nan;;1.315
2023;;4;;11;;1;;16;;2;;ARO;;115;;53.259;;2.352;;1.298;;17.327;;10.259;;97.279;;53.259;;nan;;2.352
2023;;4;;11;;1;;6;;2;;VHE;;115;;52.977;;2.352;;1.298;;17.327;;10.259;;100.155;;52.977;;nan;;2.352
2023;;4;;11;;1;;17;;2;;CBC;;115;;53.681;;2.352;;1.298;;17.327;;10.259;;98.068;;53.681;;nan;;2.352
2023;;4;;11;;1;;18;;2;;CHI;;230;;52.264;;2.352;;1.298;;17.327;;10.259;;95.214;;52.264;;nan;;2.352
2023;;4;;12;;6;;19;;3;;VIN;;115;;53.673;;2.352;;1.298;;17.327;;10.259;;0.0;;0.0;;nan;;0.0
2023;;4;;13;;6;;20;;3;;VIN;;69;;53.778;;2.352;;1.298;;17.327;;10.259;;0.0;;0.0;;nan;;0.0
2023;;4;;14;;4;;21;;2;;CBC;;115;;53.681;;2.352;;1.298;;17.327;;10.259;;0.0;;0.0;;nan;;0.0
2023;;4;;15;;6;;22;;2;;VIN;;69;;53.778;;2.352;;1.298;;17.327;;10.259;;112.208;;47.916;;nan;;2.096
2023;;4;;15;;6;;23;;2;;CAT;;69;;54.571;;2.352;;1.298;;17.327;;10.259;;114.466;;48.623;;nan;;2.096
2023;;4;;16;;4;;24;;2;;SAC;;115;;54.078;;2.352;;1.298;;17.327;;10.259;;124.846;;54.078;;nan;;2.352
2023;;4;;16;;4;;25;;2;;OCU;;115;;54.835;;2.352;;1.298;;17.327;;10.259;;126.751;;54.835;;nan;;2.352
2023;;4;;16;;4;;26;;2;;POT;;69;;55.152;;2.352;;1.298;;17.327;;10.259;;127.517;;55.152;;nan;;2.352
2023;;4;;16;;4;;27;;2;;DDI;;69;;54.738;;2.352;;1.298;;17.327;;10.259;;126.476;;54.738;;nan;;2.352
2023;;4;;16;;4;;28;;2;;KAR;;69;;54.668;;2.352;;1.298;;17.327;;10.259;;126.107;;54.668;;nan;;2.352
2023;;4;;8;;4;;29;;4;;PUN;;69;;53.267;;2.352;;1.298;;17.327;;10.259;;0.0;;0.0;;nan;;0.0
2023;;4;;17;;4;;30;;2;;MAR;;69;;54.342;;2.352;;1.298;;17.327;;10.259;;129.84;;54.342;;nan;;2.352
2023;;4;;17;;4;;31;;2;;ARJ;;69;;53.796;;2.352;;1.298;;17.327;;10.259;;128.705;;53.796;;nan;;2.352
2023;;4;;1;;1;;1;;1;;COR;;115;;50.878;;0.0;;0.0;;12.0;;7.576;;0.0;;0.0;;nan;;0.0
2023;;4;;1;;1;;2;;1;;SIS;;115;;50.974;;0.0;;0.0;;12.0;;7.576;;0.0;;0.0;;nan;;0.0
2023;;4;;2;;2;;3;;1;;GCH;;69;;54.162;;27.086;;27.086;;12.0;;7.576;;0.0;;0.0;;nan;;0.0
2023;;4;;2;;3;;4;;1;;ARJ;;69;;53.775;;27.086;;27.086;;12.0;;7.576;;0.0;;0.0;;nan;;0.0
2023;;4;;2;;4;;5;;1;;KAR;;69;;54.646;;0.0;;0.0;;12.0;;7.576;;0.0;;0.0;;nan;;0.0
2023;;4;;3;;1;;6;;1;;VHE;;115;;52.956;;27.086;;27.086;;12.0;;7.576;;0.0;;0.0;;nan;;0.0
2023;;4;;4;;5;;7;;1;;KEN;;115;;52.859;;27.086;;27.086;;12.0;;7.576;;0.0;;0.0;;nan;;0.0
2023;;4;;4;;6;;8;;1;;VIN;;69;;53.757;;0.0;;0.0;;12.0;;7.576;;0.0;;0.0;;nan;;0.0
2023;;4;;3;;1;;9;;1;;CAR;;230;;52.251;;0.0;;0.0;;12.0;;7.576;;0.0;;0.0;;nan;;0.0
2023;;4;;5;;5;;10;;1;;KEN;;115;;52.859;;0.0;;0.0;;12.0;;7.576;;0.0;;0.0;;nan;;0.0
2023;;4;;6;;1;;11;;1;;ARO;;115;;53.238;;0.0;;0.0;;12.0;;7.576;;0.0;;0.0;;nan;;0.0
2023;;4;;7;;1;;12;;1;;CAR;;230;;52.251;;0.0;;0.0;;12.0;;7.576;;0.0;;0.0;;nan;;0.0
2023;;4;;8;;4;;13;;1;;PUN;;69;;53.246;;0.0;;0.0;;12.0;;7.576;;0.0;;0.0;;nan;;0.0
2023;;4;;9;;2;;3;;2;;GCH;;69;;54.162;;2.351;;1.298;;17.322;;10.256;;105.76;;54.162;;nan;;2.351
2023;;4;;9;;2;;14;;2;;URU;;69;;54.364;;2.351;;1.298;;17.322;;10.256;;103.177;;54.364;;nan;;2.351
2023;;4;;10;;5;;15;;2;;KEN;;115;;52.859;;2.351;;1.298;;17.322;;10.256;;67.838;;29.548;;nan;;1.314
2023;;4;;11;;1;;16;;2;;ARO;;115;;53.238;;2.351;;1.298;;17.322;;10.256;;97.711;;53.238;;nan;;2.351
2023;;4;;11;;1;;6;;2;;VHE;;115;;52.956;;2.351;;1.298;;17.322;;10.256;;100.735;;52.956;;nan;;2.351
2023;;4;;11;;1;;17;;2;;CBC;;115;;53.66;;2.351;;1.298;;17.322;;10.256;;98.504;;53.66;;nan;;2.351
2023;;4;;11;;1;;18;;2;;CHI;;230;;52.243;;2.351;;1.298;;17.322;;10.256;;95.637;;52.243;;nan;;2.351
2023;;4;;12;;6;;19;;3;;VIN;;115;;53.651;;2.351;;1.298;;17.322;;10.256;;0.0;;0.0;;nan;;nan
2023;;4;;13;;6;;20;;3;;VIN;;69;;53.757;;2.351;;1.298;;17.322;;10.256;;0.0;;0.0;;nan;;nan
2023;;4;;14;;4;;21;;2;;CBC;;115;;53.66;;2.351;;1.298;;17.322;;10.256;;0.0;;0.0;;nan;;nan
2023;;4;;15;;6;;22;;2;;VIN;;69;;53.757;;2.351;;1.298;;17.322;;10.256;;112.707;;47.897;;nan;;2.095
2023;;4;;15;;6;;23;;2;;CAT;;69;;54.549;;2.351;;1.298;;17.322;;10.256;;114.975;;48.603;;nan;;2.095
2023;;4;;16;;4;;24;;2;;SAC;;115;;54.057;;2.351;;1.298;;17.322;;10.256;;125.401;;54.057;;nan;;2.351
2023;;4;;16;;4;;25;;2;;OCU;;115;;54.813;;2.351;;1.298;;17.322;;10.256;;127.315;;54.813;;nan;;2.351
2023;;4;;16;;4;;26;;2;;POT;;69;;55.13;;2.351;;1.298;;17.322;;10.256;;128.052;;55.13;;nan;;2.351
2023;;4;;16;;4;;27;;2;;DDI;;69;;54.716;;2.351;;1.298;;17.322;;10.256;;127.01;;54.716;;nan;;2.351
2023;;4;;16;;4;;28;;2;;KAR;;69;;54.646;;2.351;;1.298;;17.322;;10.256;;126.649;;54.646;;nan;;2.351
2023;;4;;8;;4;;29;;4;;PUN;;69;;53.246;;2.351;;1.298;;17.322;;10.256;;0.0;;0.0;;nan;;nan
2023;;4;;17;;4;;30;;2;;MAR;;69;;54.321;;2.351;;1.298;;17.322;;10.256;;130.389;;54.321;;nan;;2.351
2023;;4;;17;;4;;31;;2;;ARJ;;69;;53.775;;2.351;;1.298;;17.322;;10.256;;129.248;;53.775;;nan;;2.351
2023;;4;;1;;1;;1;;1;;COR;;115;;51.012;;0.0;;0.0;;0.0;;12.037;;7.6;;0.0;;nan;;nan
2023;;4;;1;;1;;2;;1;;SIS;;115;;51.109;;0.0;;0.0;;0.0;;12.037;;7.6;;0.0;;nan;;nan
2023;;4;;2;;2;;3;;1;;GCH;;69;;54.305;;27.157;;27.157;;27.157;;12.037;;7.6;;0.0;;nan;;nan
2023;;4;;2;;3;;4;;1;;ARJ;;69;;53.917;;27.157;;27.157;;27.157;;12.037;;7.6;;0.0;;nan;;nan
2023;;4;;2;;4;;5;;1;;KAR;;69;;54.791;;0.0;;0.0;;0.0;;12.037;;7.6;;0.0;;nan;;nan
2023;;4;;3;;1;;6;;1;;VHE;;115;;53.096;;27.157;;0.0;;27.157;;12.037;;7.6;;0.0;;nan;;nan
2023;;4;;4;;5;;7;;1;;KEN;;115;;52.999;;27.157;;0.0;;0.0;;12.037;;7.6;;0.0;;nan;;nan
2023;;4;;4;;6;;8;;1;;VIN;;69;;53.899;;0.0;;0.0;;0.0;;12.037;;7.6;;0.0;;nan;;nan
2023;;4;;3;;1;;9;;1;;CAR;;230;;52.389;;0.0;;0.0;;0.0;;12.037;;7.6;;0.0;;nan;;nan
2023;;4;;5;;5;;10;;1;;KEN;;115;;52.999;;0.0;;0.0;;0.0;;12.037;;7.6;;0.0;;nan;;nan
2023;;4;;6;;1;;11;;1;;ARO;;115;;53.378;;0.0;;0.0;;0.0;;12.037;;7.6;;0.0;;nan;;nan
2023;;4;;7;;1;;12;;1;;CAR;;230;;52.389;;0.0;;0.0;;0.0;;12.037;;7.6;;0.0;;nan;;nan
2023;;4;;8;;4;;13;;1;;PUN;;69;;53.387;;0.0;;0.0;;0.0;;12.037;;7.6;;0.0;;nan;;nan
2023;;4;;9;;2;;3;;2;;GCH;;69;;54.305;;2.358;;1.437;;1.842;;17.376;;10.288;;2.358;;nan;;nan
2023;;4;;9;;2;;14;;2;;URU;;69;;54.508;;2.358;;1.437;;1.842;;17.376;;10.288;;2.358;;nan;;nan
2023;;4;;10;;5;;15;;2;;KEN;;115;;52.999;;2.358;;1.437;;1.842;;17.376;;10.288;;1.318;;nan;;nan
2023;;4;;11;;1;;16;;2;;ARO;;115;;53.378;;2.358;;1.437;;1.842;;17.376;;10.288;;2.358;;nan;;nan
2023;;4;;11;;1;;6;;2;;VHE;;115;;53.096;;2.358;;1.437;;1.842;;17.376;;10.288;;2.358;;nan;;nan
2023;;4;;11;;1;;17;;2;;CBC;;115;;53.802;;2.358;;1.437;;1.842;;17.376;;10.288;;2.358;;nan;;nan
2023;;4;;11;;1;;18;;2;;CHI;;230;;52.381;;2.358;;1.437;;1.842;;17.376;;10.288;;2.358;;nan;;nan
2023;;4;;12;;6;;19;;3;;VIN;;115;;53.793;;2.358;;1.437;;1.842;;17.376;;10.288;;0.0;;nan;;nan
2023;;4;;13;;6;;20;;3;;VIN;;69;;53.899;;2.358;;1.437;;1.842;;17.376;;10.288;;0.0;;nan;;nan
2023;;4;;14;;4;;21;;2;;CBC;;115;;53.802;;2.358;;1.437;;1.842;;17.376;;10.288;;0.0;;nan;;nan
2023;;4;;15;;6;;22;;2;;VIN;;69;;53.899;;2.358;;1.437;;1.842;;17.376;;10.288;;2.101;;nan;;nan
2023;;4;;15;;6;;23;;2;;CAT;;69;;54.694;;2.358;;1.437;;1.842;;17.376;;10.288;;2.101;;nan;;nan
2023;;4;;16;;4;;24;;2;;SAC;;115;;54.2;;2.358;;1.437;;1.842;;17.376;;10.288;;2.358;;nan;;nan
2023;;4;;16;;4;;25;;2;;OCU;;115;;54.958;;2.358;;1.437;;1.842;;17.376;;10.288;;2.358;;nan;;nan
2023;;4;;16;;4;;26;;2;;POT;;69;;55.276;;2.358;;1.437;;1.842;;17.376;;10.288;;2.358;;nan;;nan
2023;;4;;16;;4;;27;;2;;DDI;;69;;54.861;;2.358;;1.437;;1.842;;17.376;;10.288;;2.358;;nan;;nan
2023;;4;;16;;4;;28;;2;;KAR;;69;;54.791;;2.358;;1.437;;1.842;;17.376;;10.288;;2.358;;nan;;nan
2023;;4;;8;;4;;29;;4;;PUN;;69;;53.387;;2.358;;1.437;;1.842;;17.376;;10.288;;0.0;;nan;;nan
2023;;4;;17;;4;;30;;2;;MAR;;69;;54.464;;2.358;;1.437;;1.842;;17.376;;10.288;;2.358;;nan;;nan
2023;;4;;17;;4;;31;;2;;ARJ;;69;;53.917;;2.358;;1.437;;1.842;;17.376;;10.288;;2.358;;nan;;nan
2023;;4;;1;;1;;1;;1;;COR;;115;;51.113;;0.0;;0.0;;12.065;;7.617;;0.0;;0.0;;nan;;nan
2023;;4;;1;;1;;2;;1;;SIS;;115;;51.211;;0.0;;0.0;;12.065;;7.617;;0.0;;0.0;;nan;;nan
2023;;4;;2;;2;;3;;1;;GCH;;69;;54.413;;27.211;;27.211;;12.065;;7.617;;0.0;;0.0;;nan;;nan
2023;;4;;2;;3;;4;;1;;ARJ;;69;;54.024;;27.211;;27.211;;12.065;;7.617;;0.0;;0.0;;nan;;nan
2023;;4;;2;;4;;5;;1;;KAR;;69;;54.9;;0.0;;0.0;;12.065;;7.617;;0.0;;0.0;;nan;;nan
2023;;4;;3;;1;;6;;1;;VHE;;115;;53.201;;27.211;;27.211;;12.065;;7.617;;0.0;;0.0;;nan;;nan
2023;;4;;4;;5;;7;;1;;KEN;;115;;53.104;;27.211;;0.0;;12.065;;7.617;;0.0;;0.0;;nan;;nan
2023;;4;;4;;6;;8;;1;;VIN;;69;;54.006;;0.0;;0.0;;12.065;;7.617;;0.0;;0.0;;nan;;nan
2023;;4;;3;;1;;9;;1;;CAR;;230;;52.493;;0.0;;0.0;;12.065;;7.617;;0.0;;0.0;;nan;;nan
2023;;4;;5;;5;;10;;1;;KEN;;115;;53.104;;0.0;;0.0;;12.065;;7.617;;0.0;;0.0;;nan;;nan
2023;;4;;6;;1;;11;;1;;ARO;;115;;53.484;;0.0;;0.0;;12.065;;7.617;;0.0;;0.0;;nan;;nan
2023;;4;;7;;1;;12;;1;;CAR;;230;;52.493;;0.0;;0.0;;12.065;;7.617;;0.0;;0.0;;nan;;nan
2023;;4;;8;;4;;13;;1;;PUN;;69;;53.493;;0.0;;0.0;;12.065;;7.617;;0.0;;0.0;;nan;;nan
2023;;4;;9;;2;;3;;2;;GCH;;69;;54.413;;2.362;;1.845;;17.416;;10.312;;106.445;;54.413;;nan;;nan
2023;;4;;9;;2;;14;;2;;URU;;69;;54.616;;2.362;;1.845;;17.416;;10.312;;103.899;;54.616;;nan;;nan
2023;;4;;10;;5;;15;;2;;KEN;;115;;53.104;;2.362;;1.845;;17.416;;10.312;;68.311;;29.685;;nan;;nan
2023;;4;;11;;1;;16;;2;;ARO;;115;;53.484;;2.362;;1.845;;17.416;;10.312;;98.395;;53.484;;nan;;nan
2023;;4;;11;;1;;6;;2;;VHE;;115;;53.201;;2.362;;1.845;;17.416;;10.312;;101.377;;53.201;;nan;;nan
2023;;4;;11;;1;;17;;2;;CBC;;115;;53.909;;2.362;;1.845;;17.416;;10.312;;99.194;;53.909;;nan;;nan
2023;;4;;11;;1;;18;;2;;CHI;;230;;52.485;;2.362;;1.845;;17.416;;10.312;;96.306;;52.485;;nan;;nan
2023;;4;;12;;6;;19;;3;;VIN;;115;;53.9;;2.362;;1.845;;17.416;;10.312;;0.0;;0.0;;nan;;nan
2023;;4;;13;;6;;20;;3;;VIN;;69;;54.006;;2.362;;1.845;;17.416;;10.312;;0.0;;0.0;;nan;;nan
2023;;4;;14;;4;;21;;2;;CBC;;115;;53.909;;2.362;;1.845;;17.416;;10.312;;0.0;;0.0;;nan;;nan
2023;;4;;15;;6;;22;;2;;VIN;;69;;54.006;;2.362;;1.845;;17.416;;10.312;;113.497;;48.119;;nan;;nan
2023;;4;;15;;6;;23;;2;;CAT;;69;;54.802;;2.362;;1.845;;17.416;;10.312;;115.78;;48.829;;nan;;nan
2023;;4;;16;;4;;24;;2;;SAC;;115;;54.307;;2.362;;1.845;;17.416;;10.312;;126.279;;54.307;;nan;;nan
2023;;4;;16;;4;;25;;2;;OCU;;115;;55.067;;2.362;;1.845;;17.416;;10.312;;128.206;;55.067;;nan;;nan
2023;;4;;16;;4;;26;;2;;POT;;69;;55.386;;2.362;;1.845;;17.416;;10.312;;128.977;;55.386;;nan;;nan
2023;;4;;16;;4;;27;;2;;DDI;;69;;54.97;;2.362;;1.845;;17.416;;10.312;;127.924;;54.97;;nan;;nan
2023;;4;;16;;4;;28;;2;;KAR;;69;;54.9;;2.362;;1.845;;17.416;;10.312;;127.553;;54.9;;nan;;nan
2023;;4;;16;;4;;32;;2;;PUN;;69;;53.493;;2.362;;1.845;;17.416;;10.312;;0.0;;0.0;;nan;;nan
2023;;4;;17;;4;;30;;2;;MAR;;69;;54.572;;2.362;;1.845;;17.416;;10.312;;131.326;;54.572;;nan;;nan
2023;;4;;17;;4;;31;;2;;ARJ;;69;;54.024;;2.362;;1.845;;17.416;;10.312;;130.18;;54.024;;nan;;nan
2023;;4;;1;;1;;1;;1;;COR;;115;;51.162;;0.0;;0.0;;12.081;;7.627;;0.0;;0.0;;nan;;0.0
2023;;4;;1;;1;;2;;1;;SIS;;115;;51.26;;0.0;;0.0;;12.081;;7.627;;0.0;;0.0;;nan;;0.0
2023;;4;;2;;2;;3;;1;;GCH;;69;;54.465;;27.237;;27.237;;12.081;;7.627;;0.0;;0.0;;nan;;0.0
2023;;4;;2;;3;;4;;1;;ARJ;;69;;54.076;;27.237;;27.237;;12.081;;7.627;;0.0;;0.0;;nan;;0.0
2023;;4;;2;;4;;5;;1;;KAR;;69;;54.952;;0.0;;0.0;;12.081;;7.627;;0.0;;0.0;;nan;;0.0
2023;;4;;3;;1;;6;;1;;VHE;;115;;53.252;;27.237;;0.0;;12.081;;7.627;;0.0;;0.0;;nan;;0.0
2023;;4;;4;;5;;7;;1;;KEN;;115;;53.154;;27.237;;0.0;;12.081;;7.627;;0.0;;0.0;;nan;;0.0
2023;;4;;4;;6;;8;;1;;VIN;;69;;54.057;;0.0;;0.0;;12.081;;7.627;;0.0;;0.0;;nan;;0.0
2023;;4;;3;;1;;9;;1;;CAR;;230;;52.543;;0.0;;0.0;;12.081;;7.627;;0.0;;0.0;;nan;;0.0
2023;;4;;5;;5;;10;;1;;KEN;;115;;53.154;;0.0;;0.0;;12.081;;7.627;;0.0;;0.0;;nan;;0.0
2023;;4;;6;;1;;11;;1;;ARO;;115;;53.535;;0.0;;0.0;;12.081;;7.627;;0.0;;0.0;;nan;;0.0
2023;;4;;7;;1;;12;;1;;CAR;;230;;52.543;;0.0;;0.0;;12.081;;7.627;;0.0;;0.0;;nan;;0.0
2023;;4;;8;;4;;13;;1;;PUN;;69;;53.544;;0.0;;0.0;;12.081;;7.627;;0.0;;0.0;;nan;;0.0
2023;;4;;9;;2;;3;;2;;GCH;;69;;54.465;;2.365;;1.948;;17.44;;10.326;;106.288;;54.465;;nan;;2.365
2023;;4;;9;;2;;14;;2;;URU;;69;;54.668;;2.365;;1.948;;17.44;;10.326;;103.728;;54.668;;nan;;2.365
2023;;4;;10;;5;;15;;2;;KEN;;115;;53.154;;2.365;;1.948;;17.44;;10.326;;68.199;;29.713;;nan;;1.322
2023;;4;;11;;1;;16;;2;;ARO;;115;;53.535;;2.365;;1.948;;17.44;;10.326;;98.233;;53.535;;nan;;2.365
2023;;4;;11;;1;;6;;2;;VHE;;115;;53.252;;2.365;;1.948;;17.44;;10.326;;101.205;;53.252;;nan;;2.365
2023;;4;;11;;1;;17;;2;;CBC;;115;;53.96;;2.365;;1.948;;17.44;;10.326;;99.03;;53.96;;nan;;2.365
2023;;4;;11;;1;;18;;2;;CHI;;230;;52.535;;2.365;;1.948;;17.44;;10.326;;96.148;;52.535;;nan;;2.365
2023;;4;;12;;6;;19;;3;;VIN;;115;;53.952;;2.365;;1.948;;17.44;;10.326;;0.0;;0.0;;nan;;0.0
2023;;4;;13;;6;;20;;3;;VIN;;69;;54.057;;2.365;;1.948;;17.44;;10.326;;0.0;;0.0;;nan;;0.0
2023;;4;;14;;4;;21;;2;;CBC;;115;;53.96;;2.365;;1.948;;17.44;;10.326;;0.0;;0.0;;nan;;0.0
2023;;4;;15;;6;;22;;2;;VIN;;69;;54.057;;2.365;;1.948;;17.44;;10.326;;113.31;;48.165;;nan;;2.107
2023;;4;;15;;6;;23;;2;;CAT;;69;;54.855;;2.365;;1.948;;17.44;;10.326;;115.589;;48.876;;nan;;2.107
2023;;4;;16;;4;;24;;2;;SAC;;115;;54.359;;2.365;;1.948;;17.44;;10.326;;126.071;;54.359;;nan;;2.365
2023;;4;;16;;4;;25;;2;;OCU;;115;;55.12;;2.365;;1.948;;17.44;;10.326;;127.994;;55.12;;nan;;2.365
2023;;4;;16;;4;;26;;2;;POT;;69;;55.439;;2.365;;1.948;;17.44;;10.326;;128.738;;55.439;;nan;;2.365
2023;;4;;16;;4;;27;;2;;DDI;;69;;55.023;;2.365;;1.948;;17.44;;10.326;;127.691;;55.023;;nan;;2.365
2023;;4;;16;;4;;28;;2;;KAR;;69;;54.952;;2.365;;1.948;;17.44;;10.326;;127.327;;54.952;;nan;;2.365
2023;;4;;16;;4;;32;;2;;PUN;;69;;53.544;;2.365;;1.948;;17.44;;10.326;;0.0;;0.0;;nan;;0.0
2023;;4;;17;;4;;30;;2;;MAR;;69;;54.625;;2.365;;1.948;;17.44;;10.326;;131.089;;54.625;;nan;;2.365
2023;;4;;17;;4;;31;;2;;ARJ;;69;;54.076;;2.365;;1.948;;17.44;;10.326;;129.939;;54.076;;nan;;2.365
2023;;4;;1;;1;;1;;1;;COR;;115;;51.193;;0.0;;0.0;;12.09;;7.633;;0.0;;0.0;;nan;;nan
2023;;4;;1;;1;;2;;1;;SIS;;115;;51.29;;0.0;;0.0;;12.09;;7.633;;0.0;;0.0;;nan;;nan
2023;;4;;2;;2;;3;;1;;GCH;;69;;54.498;;27.254;;27.254;;12.09;;7.633;;0.0;;0.0;;nan;;nan
2023;;4;;2;;3;;4;;1;;ARJ;;69;;54.108;;27.254;;27.254;;12.09;;7.633;;0.0;;0.0;;nan;;nan
2023;;4;;2;;4;;5;;1;;KAR;;69;;54.985;;0.0;;0.0;;12.09;;7.633;;0.0;;0.0;;nan;;nan
2023;;4;;3;;1;;6;;1;;VHE;;115;;53.284;;27.254;;0.0;;12.09;;7.633;;0.0;;0.0;;nan;;nan
2023;;4;;4;;5;;7;;1;;KEN;;115;;53.186;;27.254;;0.0;;12.09;;7.633;;0.0;;0.0;;nan;;nan
2023;;4;;4;;6;;8;;1;;VIN;;69;;54.09;;0.0;;0.0;;12.09;;7.633;;0.0;;0.0;;nan;;nan
2023;;4;;3;;1;;9;;1;;CAR;;230;;52.575;;0.0;;0.0;;12.09;;7.633;;0.0;;0.0;;nan;;nan
2023;;4;;5;;5;;10;;1;;KEN;;115;;53.186;;0.0;;0.0;;12.09;;7.633;;0.0;;0.0;;nan;;nan
2023;;4;;6;;1;;11;;1;;ARO;;115;;53.567;;0.0;;0.0;;12.09;;7.633;;0.0;;0.0;;nan;;nan
2023;;4;;7;;1;;12;;1;;CAR;;230;;52.575;;0.0;;0.0;;12.09;;7.633;;0.0;;0.0;;nan;;nan
2023;;4;;8;;4;;13;;1;;PUN;;69;;53.576;;0.0;;0.0;;12.09;;7.633;;0.0;;0.0;;nan;;nan
2023;;4;;9;;2;;3;;2;;GCH;;69;;54.498;;2.366;;1.949;;17.452;;10.333;;106.211;;54.498;;nan;;nan
2023;;4;;9;;2;;14;;2;;URU;;69;;54.701;;2.366;;1.949;;17.452;;10.333;;103.684;;54.701;;nan;;nan
2023;;4;;10;;5;;15;;2;;KEN;;115;;53.186;;2.366;;1.949;;17.452;;10.333;;68.173;;29.731;;nan;;nan
2023;;4;;11;;1;;16;;2;;ARO;;115;;53.567;;2.366;;1.949;;17.452;;10.333;;98.191;;53.567;;nan;;nan
2023;;4;;11;;1;;6;;2;;VHE;;115;;53.284;;2.366;;1.949;;17.452;;10.333;;101.225;;53.284;;nan;;nan
2023;;4;;11;;1;;17;;2;;CBC;;115;;53.992;;2.366;;1.949;;17.452;;10.333;;98.988;;53.992;;nan;;nan
2023;;4;;11;;1;;18;;2;;CHI;;230;;52.566;;2.366;;1.949;;17.452;;10.333;;96.106;;52.566;;nan;;nan
2023;;4;;12;;6;;19;;3;;VIN;;115;;53.984;;2.366;;1.949;;17.452;;10.333;;0.0;;0.0;;nan;;nan
2023;;4;;13;;6;;20;;3;;VIN;;69;;54.09;;2.366;;1.949;;17.452;;10.333;;0.0;;0.0;;nan;;nan
2023;;4;;14;;4;;21;;2;;CBC;;115;;53.992;;2.366;;1.949;;17.452;;10.333;;0.0;;0.0;;nan;;nan
2023;;4;;15;;6;;22;;2;;VIN;;69;;54.09;;2.366;;1.949;;17.452;;10.333;;113.261;;48.194;;nan;;nan
2023;;4;;15;;6;;23;;2;;CAT;;69;;54.887;;2.366;;1.949;;17.452;;10.333;;115.539;;48.904;;nan;;nan
2023;;4;;16;;4;;24;;2;;SAC;;115;;54.392;;2.366;;1.949;;17.452;;10.333;;126.017;;54.392;;nan;;nan
2023;;4;;16;;4;;25;;2;;OCU;;115;;55.153;;2.366;;1.949;;17.452;;10.333;;127.939;;55.153;;nan;;nan
2023;;4;;16;;4;;26;;2;;POT;;69;;55.472;;2.366;;1.949;;17.452;;10.333;;128.697;;55.472;;nan;;nan
2023;;4;;16;;4;;27;;2;;DDI;;69;;55.055;;2.366;;1.949;;17.452;;10.333;;127.647;;55.055;;nan;;nan
2023;;4;;16;;4;;28;;2;;KAR;;69;;54.985;;2.366;;1.949;;17.452;;10.333;;127.28;;54.985;;nan;;nan
2023;;4;;16;;4;;32;;2;;PUN;;69;;53.576;;2.366;;1.949;;17.452;;10.333;;0.0;;0.0;;nan;;nan
2023;;4;;17;;4;;30;;2;;MAR;;69;;54.657;;2.366;;1.949;;17.452;;10.333;;131.043;;54.657;;nan;;nan
2023;;4;;17;;4;;31;;2;;ARJ;;69;;54.108;;2.366;;1.949;;17.452;;10.333;;129.897;;54.108;;nan;;nan
2023;;4;;1;;1;;1;;1;;COR;;115;;56.58;;0.0;;11.103;;6.995;;0.0;;0.0;;0.0;;nan;;nan
2023;;4;;1;;1;;2;;1;;SIS;;115;;56.66;;0.0;;11.103;;6.995;;0.0;;0.0;;0.0;;nan;;nan
2023;;4;;2;;2;;3;;1;;GCH;;69;;58.918;;0.0;;11.103;;6.995;;0.0;;0.0;;0.0;;nan;;nan
2023;;4;;2;;3;;4;;1;;ARJ;;69;;61.466;;29.463;;11.103;;6.995;;0.0;;0.0;;0.0;;nan;;nan
2023;;4;;2;;4;;5;;1;;KAR;;69;;63.267;;0.0;;11.103;;6.995;;0.0;;0.0;;0.0;;nan;;nan
2023;;4;;3;;1;;6;;1;;VHE;;115;;59.032;;0.0;;11.103;;6.995;;0.0;;0.0;;0.0;;nan;;nan
2023;;4;;4;;5;;7;;1;;KEN;;115;;58.548;;0.0;;11.103;;6.995;;0.0;;0.0;;0.0;;nan;;nan
2023;;4;;4;;6;;8;;1;;VIN;;69;;59.963;;0.0;;11.103;;6.995;;0.0;;0.0;;0.0;;nan;;nan
2023;;4;;3;;1;;9;;1;;CAR;;230;;57.247;;0.0;;11.103;;6.995;;0.0;;0.0;;0.0;;nan;;nan
2023;;4;;5;;5;;10;;1;;KEN;;115;;58.548;;0.0;;11.103;;6.995;;0.0;;0.0;;0.0;;nan;;nan
2023;;4;;6;;1;;11;;1;;ARO;;115;;59.357;;0.0;;11.103;;6.995;;0.0;;0.0;;0.0;;nan;;nan
2023;;4;;7;;1;;12;;1;;CAR;;230;;57.247;;0.0;;11.103;;6.995;;0.0;;0.0;;0.0;;nan;;nan
2023;;4;;8;;4;;13;;1;;PUN;;69;;63.17;;0.0;;11.103;;6.995;;0.0;;0.0;;0.0;;nan;;nan
2023;;4;;9;;2;;3;;2;;GCH;;69;;58.918;;0.07;;15.665;;9.262;;121.068;;58.918;;0.07;;nan;;nan
2023;;4;;9;;2;;14;;2;;URU;;69;;58.883;;0.07;;15.665;;9.262;;118.464;;58.883;;0.07;;nan;;nan
2023;;4;;10;;5;;15;;2;;KEN;;115;;58.548;;0.07;;15.665;;9.262;;81.514;;58.548;;0.07;;nan;;nan
2023;;4;;11;;1;;16;;2;;ARO;;115;;59.357;;0.07;;15.665;;9.262;;113.432;;59.357;;0.07;;nan;;nan
2023;;4;;11;;1;;6;;2;;VHE;;115;;59.032;;0.07;;15.665;;9.262;;113.775;;59.032;;0.07;;nan;;nan
2023;;4;;11;;1;;17;;2;;CBC;;115;;60.086;;0.07;;15.665;;9.262;;115.423;;60.086;;0.07;;nan;;nan
2023;;4;;11;;1;;18;;2;;CHI;;230;;57.617;;0.07;;15.665;;9.262;;110.879;;57.617;;0.07;;nan;;nan
2023;;4;;15;;6;;22;;2;;VIN;;69;;59.963;;0.07;;15.665;;9.262;;155.327;;59.963;;0.07;;nan;;nan
2023;;4;;15;;6;;23;;2;;CAT;;69;;61.518;;0.07;;15.665;;9.262;;158.157;;61.518;;0.07;;nan;;nan
2023;;4;;16;;4;;24;;2;;SAC;;115;;60.736;;0.07;;15.665;;9.262;;117.246;;60.736;;0.07;;nan;;nan
2023;;4;;16;;4;;25;;2;;OCU;;115;;62.801;;0.07;;15.665;;9.262;;119.302;;62.801;;0.07;;nan;;nan
2023;;4;;16;;4;;26;;2;;POT;;69;;63.882;;0.07;;15.665;;9.262;;121.189;;63.882;;0.07;;nan;;nan
2023;;4;;16;;4;;27;;2;;DDI;;69;;63.267;;0.07;;15.665;;9.262;;120.006;;63.267;;0.07;;nan;;nan
2023;;4;;16;;4;;28;;2;;KAR;;69;;63.267;;0.07;;15.665;;9.262;;119.891;;63.267;;0.07;;nan;;nan
2023;;4;;16;;4;;32;;2;;PUN;;69;;63.17;;0.07;;15.665;;9.262;;132.288;;56.348;;0.062;;nan;;nan
2023;;4;;17;;4;;30;;2;;MAR;;69;;62.511;;0.07;;15.665;;9.262;;152.054;;62.511;;0.07;;nan;;nan
2023;;4;;17;;4;;31;;2;;ARJ;;69;;61.466;;0.07;;15.665;;9.262;;150.927;;61.466;;0.07;;nan;;nan
2023;;4;;12;;6;;19;;3;;VIN;;115;;59.849;;0.07;;15.665;;9.262;;0.0;;0.0;;0.0;;nan;;nan
2023;;4;;13;;6;;20;;3;;VIN;;69;;59.963;;0.07;;15.665;;9.262;;0.0;;0.0;;0.0;;nan;;nan
2023;;4;;14;;4;;21;;2;;CBC;;115;;60.086;;0.07;;15.665;;9.262;;0.0;;0.0;;0.0;;nan;;nan
2023;;4;;18;;4;;33;;3;;PUN;;230;;62.951;;0.07;;15.665;;9.262;;0.0;;0.0;;0.0;;nan;;nan
2023;;4;;1;;1;;1;;1;;COR;;115;;56.663;;0.0;;11.122;;7.007;;0.0;;0.0;;0.0;;nan;;nan
2023;;4;;1;;1;;2;;1;;SIS;;115;;56.743;;0.0;;11.122;;7.007;;0.0;;0.0;;0.0;;nan;;nan
2023;;4;;2;;2;;3;;1;;GCH;;69;;59.005;;0.0;;11.122;;7.007;;0.0;;0.0;;0.0;;nan;;nan
2023;;4;;2;;3;;4;;1;;ARJ;;69;;61.556;;29.507;;11.122;;7.007;;0.0;;0.0;;0.0;;nan;;nan
2023;;4;;2;;4;;5;;1;;KAR;;69;;63.361;;0.0;;11.122;;7.007;;0.0;;0.0;;0.0;;nan;;nan
2023;;4;;3;;1;;6;;1;;VHE;;115;;59.119;;0.0;;11.122;;7.007;;0.0;;0.0;;0.0;;nan;;nan
2023;;4;;4;;5;;7;;1;;KEN;;115;;58.635;;0.0;;11.122;;7.007;;0.0;;0.0;;0.0;;nan;;nan
2023;;4;;4;;6;;8;;1;;VIN;;69;;60.052;;0.0;;11.122;;7.007;;0.0;;0.0;;0.0;;nan;;nan
2023;;4;;3;;1;;9;;1;;CAR;;230;;57.332;;0.0;;11.122;;7.007;;0.0;;0.0;;0.0;;nan;;nan
2023;;4;;5;;5;;10;;1;;KEN;;115;;58.635;;0.0;;11.122;;7.007;;0.0;;0.0;;0.0;;nan;;nan
2023;;4;;6;;1;;11;;1;;ARO;;115;;59.444;;0.0;;11.122;;7.007;;0.0;;0.0;;0.0;;nan;;nan
2023;;4;;7;;1;;12;;1;;CAR;;230;;57.332;;0.0;;11.122;;7.007;;0.0;;0.0;;0.0;;nan;;nan
2023;;4;;8;;4;;13;;1;;PUN;;69;;63.264;;0.0;;11.122;;7.007;;0.0;;0.0;;0.0;;nan;;nan
2023;;4;;9;;2;;3;;2;;GCH;;69;;59.005;;0.07;;15.692;;9.278;;120.935;;59.005;;0.07;;nan;;nan
2023;;4;;9;;2;;14;;2;;URU;;69;;58.97;;0.07;;15.692;;9.278;;118.303;;58.97;;0.07;;nan;;nan
2023;;4;;10;;5;;15;;2;;KEN;;115;;58.635;;0.07;;15.692;;9.278;;81.405;;58.635;;0.07;;nan;;nan
2023;;4;;11;;1;;16;;2;;ARO;;115;;59.444;;0.07;;15.692;;9.278;;113.278;;59.444;;0.07;;nan;;nan
2023;;4;;11;;1;;6;;2;;VHE;;115;;59.119;;0.07;;15.692;;9.278;;113.625;;59.119;;0.07;;nan;;nan
2023;;4;;11;;1;;17;;2;;CBC;;115;;60.175;;0.07;;15.692;;9.278;;115.267;;60.175;;0.07;;nan;;nan
2023;;4;;11;;1;;18;;2;;CHI;;230;;57.702;;0.07;;15.692;;9.278;;110.728;;57.702;;0.07;;nan;;nan
2023;;4;;15;;6;;22;;2;;VIN;;69;;60.052;;0.07;;15.692;;9.278;;155.115;;60.052;;0.07;;nan;;nan
2023;;4;;15;;6;;23;;2;;CAT;;69;;61.609;;0.07;;15.692;;9.278;;157.941;;61.609;;0.07;;nan;;nan
2023;;4;;16;;4;;24;;2;;SAC;;115;;60.826;;0.07;;15.692;;9.278;;117.087;;60.826;;0.07;;nan;;nan
2023;;4;;16;;4;;25;;2;;OCU;;115;;62.894;;0.07;;15.692;;9.278;;119.14;;62.894;;0.07;;nan;;nan
2023;;4;;16;;4;;26;;2;;POT;;69;;63.976;;0.07;;15.692;;9.278;;121.023;;63.976;;0.07;;nan;;nan
2023;;4;;16;;4;;27;;2;;DDI;;69;;63.361;;0.07;;15.692;;9.278;;119.843;;63.361;;0.07;;nan;;nan
2023;;4;;16;;4;;28;;2;;KAR;;69;;63.361;;0.07;;15.692;;9.278;;119.728;;63.361;;0.07;;nan;;nan
2023;;4;;16;;4;;32;;2;;PUN;;69;;63.264;;0.07;;15.692;;9.278;;132.109;;56.431;;0.062;;nan;;nan
2023;;4;;17;;4;;30;;2;;MAR;;69;;62.604;;0.07;;15.692;;9.278;;151.848;;62.604;;0.07;;nan;;nan
2023;;4;;17;;4;;31;;2;;ARJ;;69;;61.556;;0.07;;15.692;;9.278;;150.722;;61.556;;0.07;;nan;;nan
2023;;4;;12;;6;;19;;3;;VIN;;115;;59.937;;0.07;;15.692;;9.278;;0.0;;0.0;;0.0;;nan;;nan
2023;;4;;13;;6;;20;;3;;VIN;;69;;60.052;;0.07;;15.692;;9.278;;0.0;;0.0;;0.0;;nan;;nan
2023;;4;;14;;4;;21;;2;;CBC;;115;;60.175;;0.07;;15.692;;9.278;;0.0;;0.0;;0.0;;nan;;nan
2023;;4;;18;;4;;33;;3;;PUN;;230;;63.044;;0.07;;15.692;;9.278;;0.0;;0.0;;0.0;;nan;;nan
