1/1/2006;;1;;1;;1;;1;;CAR;;230;;119.04749999999999;;112.024;;107.94449999999999;;100.164;;100.164;;100.164;;100.164;;99.078;;99.078;;99.078;;99.078;;99.078;;99.078;;99.078;;99.078;;99.078;;99.078;;99.078;;97.861;;105.46;;107.789;;107.585;;107.585;;99.078
1/1/2006;;2;;2;;2;;2;;VIN;;69;;121.85475000000001;;111.1485;;103.9885;;95.3905;;94.78899999999999;;94.99549999999999;;96.203;;95.3045;;94.95599999999999;;94.845;;94.73325000000001;;94.666;;94.46400000000001;;94.21100000000001;;93.99275;;94.02975;;93.96;;93.99025;;93.54475;;104.26225;;107.457;;105.73875;;103.89499999999998;;94.63825
1/1/2006;;2;;2;;3;;2;;KEN;;115;;119.38900000000001;;106.807;;98.39275;;89.6065;;88.83125000000001;;89.03775;;91.14824999999999;;90.5355;;89.75299999999999;;89.45824999999999;;89.277;;89.23975;;89.075;;88.69225;;88.195;;88.29275;;88.16475000000001;;88.25550000000001;;88.33425000000001;;100.33125;;103.94399999999999;;101.52925;;98.51575;;89.0845
1/1/2006;;2;;2;;4;;1;;KEN;;115;;119.38900000000001;;106.807;;98.39275;;89.6065;;88.83125000000001;;89.03775;;91.14824999999999;;90.5355;;89.75299999999999;;89.45824999999999;;89.277;;89.23975;;89.075;;88.69225;;88.195;;88.29275;;88.16475000000001;;88.25550000000001;;88.33425000000001;;100.33125;;103.94399999999999;;101.52925;;98.51575;;89.0845
1/1/2006;;2;;3;;5;;1;;VIN;;69;;121.85475000000001;;111.1485;;103.9885;;95.3905;;94.78899999999999;;94.99549999999999;;96.203;;95.3045;;94.95599999999999;;94.845;;94.73325000000001;;94.666;;94.46400000000001;;94.21100000000001;;93.99275;;94.02975;;93.96;;93.99025;;93.54475;;104.26225;;107.457;;105.73875;;103.89499999999998;;94.63825
1/1/2006;;2;;2;;6;;1;;KEN;;115;;119.38900000000001;;106.807;;98.39275;;89.6065;;88.83125000000001;;89.03775;;91.14824999999999;;90.5355;;89.75299999999999;;89.45824999999999;;89.277;;89.23975;;89.075;;88.69225;;88.195;;88.29275;;88.16475000000001;;88.25550000000001;;88.33425000000001;;100.33125;;103.94399999999999;;101.52925;;98.51575;;89.0845
1/1/2006;;3;;1;;7;;1;;COR;;115;;117.54075;;109.096;;103.86524999999999;;96.4235;;96.37700000000001;;96.83224999999999;;98.11850000000001;;97.162;;97.185;;97.1155;;96.9275;;96.76249999999999;;96.5585;;96.40975;;96.4745;;96.449;;96.49125000000001;;96.6375;;95.20949999999999;;102.40925000000001;;104.45;;103.76525000000001;;103.57724999999999;;95.79
1/1/2006;;3;;1;;8;;1;;SIS;;115;;117.643;;109.21450000000002;;104.04849999999999;;96.61149999999999;;96.535;;96.95549999999999;;98.228;;97.25000000000001;;97.243;;97.16675;;96.95325;;96.8115;;96.59275;;96.53275;;96.5885;;96.549;;96.55350000000001;;96.693;;95.25375000000001;;102.6045;;104.64775;;104.0185;;103.78400000000002;;95.88475
1/1/2006;;4;;4;;9;;1;;ARJ;;69;;126.1595;;115.63674999999999;;108.74325;;99.846;;99.09375;;99.233;;99.876;;98.827;;98.715;;98.77775;;98.75975;;98.7245;;98.46449999999999;;98.209;;98.1465;;98.19275;;98.11399999999999;;97.8725;;97.2595;;108.03075;;111.27875;;109.83924999999999;;108.344;;98.88925
1/1/2006;;4;;5;;10;;1;;GCH;;69;;122.21475000000001;;115.30699999999999;;111.28325;;103.278;;103.45425000000002;;103.26599999999999;;102.66475;;101.5015;;101.55949999999999;;101.604;;101.69175;;101.75225;;101.84525;;101.917;;101.93824999999998;;101.9495;;101.96600000000001;;101.9425;;100.62849999999999;;109.1195;;111.743;;111.4295;;111.02825000000001;;102.08425
1/1/2006;;4;;6;;11;;1;;KAR;;69;;125.161;;116.19425;;108.97774999999999;;100.04150000000001;;99.291;;99.43025;;99.995;;98.89874999999999;;98.8175;;98.90775;;98.87774999999999;;98.85225;;98.52249999999998;;98.26950000000001;;98.1745;;98.2415;;98.10225000000001;;97.84;;97.49175;;108.72025;;112.10075;;110.3755;;108.62025;;98.94300000000001
1/1/2006;;5;;2;;3;;3;;KEN;;115;;119.38900000000001;;106.807;;98.39275;;89.6065;;88.83125000000001;;89.03775;;91.14824999999999;;90.5355;;89.75299999999999;;89.45824999999999;;89.277;;89.23975;;89.075;;88.69225;;88.195;;88.29275;;88.16475000000001;;88.25550000000001;;88.33425000000001;;100.33125;;103.94399999999999;;101.52925;;98.51575;;89.0845
1/1/2006;;6;;6;;12;;1;;PUN;;69;;123.73774999999999;;113.9955;;107.32249999999999;;98.7365;;98.09775;;98.24849999999999;;99.00575;;97.94675;;97.798;;97.84675;;97.82625000000002;;97.7775;;97.49175;;97.24525;;97.17349999999999;;97.25025;;97.13875;;96.53275;;95.65725;;105.472;;108.5575;;107.311;;106.46324999999999;;97.70524999999998
1/1/2006;;6;;6;;13;;2;;PUN;;69;;123.73774999999999;;113.9955;;107.32249999999999;;98.7365;;98.09775;;98.24849999999999;;99.00575;;97.94675;;97.798;;97.84675;;97.82625000000002;;97.7775;;97.49175;;97.24525;;97.17349999999999;;97.25025;;97.13875;;96.53275;;95.65725;;105.472;;108.5575;;107.311;;106.46324999999999;;97.70524999999998
1/1/2006;;7;;2;;14;;1;;KEN;;115;;119.38900000000001;;106.807;;98.39275;;89.6065;;88.83125000000001;;89.03775;;91.14824999999999;;90.5355;;89.75299999999999;;89.45824999999999;;89.277;;89.23975;;89.075;;88.69225;;88.195;;88.29275;;88.16475000000001;;88.25550000000001;;88.33425000000001;;100.33125;;103.94399999999999;;101.52925;;98.51575;;89.0845
1/1/2006;;8;;1;;15;;1;;ARO;;115;;121.86425;;112.644;;106.58624999999999;;98.38125;;98.0325;;98.2905;;99.10325;;98.1115;;98.0235;;97.991;;97.87725;;97.78175;;97.58225;;97.4315;;97.36625;;97.357;;97.3035;;97.236;;96.33325;;105.73875;;108.44625;;107.3455;;106.382;;97.58675000000001
1/1/2006;;9;;1;;16;;1;;CAR;;230;;119.04749999999999;;112.024;;107.94449999999999;;100.164;;100.164;;100.164;;100.164;;99.078;;99.078;;99.078;;99.078;;99.078;;99.078;;99.078;;99.078;;99.078;;99.078;;99.078;;97.861;;105.46;;107.789;;107.585;;107.585;;99.078
1/1/2006;;9;;1;;17;;1;;VHE;;115;;121.39750000000001;;112.27025;;106.243;;98.0515;;97.70525;;97.95375000000001;;98.79400000000001;;97.8075;;97.70075;;97.66125;;97.54749999999999;;97.45675;;97.26849999999999;;97.10825;;97.03875000000001;;97.03875000000001;;96.99725000000001;;96.95325;;96.0545;;105.3835;;108.09325;;106.99275;;106.02225000000001;;97.24099999999999
1/1/2006;;10;;6;;18;;3;;MAR;;69;;125.84375000000001;;116.0455;;108.9915;;100.06649999999999;;99.3165;;99.46075;;100.078;;98.98;;98.871;;98.95000000000002;;98.92425;;98.88925;;98.60400000000001;;98.35775000000001;;98.2835;;98.33924999999999;;98.2325;;97.99525000000001;;97.5635;;108.61825;;111.91499999999999;;110.31524999999999;;108.66900000000001;;99.06825
1/1/2006;;10;;6;;19;;3;;ARJ;;69;;126.1595;;115.63674999999999;;108.74325;;99.846;;99.09375;;99.233;;99.876;;98.827;;98.715;;98.77775;;98.75975;;98.7245;;98.46449999999999;;98.209;;98.1465;;98.19275;;98.11399999999999;;97.8725;;97.2595;;108.03075;;111.27875;;109.83924999999999;;108.344;;98.88925
1/1/2006;;11;;5;;10;;3;;GCH;;69;;122.21475000000001;;115.30699999999999;;111.28325;;103.278;;103.45425000000002;;103.26599999999999;;102.66475;;101.5015;;101.55949999999999;;101.604;;101.69175;;101.75225;;101.84525;;101.917;;101.93824999999998;;101.9495;;101.96600000000001;;101.9425;;100.62849999999999;;109.1195;;111.743;;111.4295;;111.02825000000001;;102.08425
1/1/2006;;11;;5;;20;;3;;URU;;69;;122.3355;;115.41175;;111.36225;;103.345;;103.49125;;103.30574999999999;;102.68325;;101.53175;;101.576;;101.6085;;101.69425;;101.76625;;101.8615;;101.93100000000001;;101.945;;101.95649999999999;;101.9775;;101.95224999999999;;100.617;;109.11225;;111.76875;;111.46199999999999;;111.06049999999999;;102.10300000000001
1/1/2006;;11;;5;;21;;3;;ARB;;115;;0.0;;0.0;;0.0;;0.0;;0.0;;0.0;;0.0;;0.0;;0.0;;0.0;;0.0;;0.0;;0.0;;0.0;;0.0;;0.0;;0.0;;0.0;;0.0;;0.0;;0.0;;0.0;;0.0;;0.0
1/1/2006;;12;;1;;22;;3;;ARO;;115;;121.86425;;112.644;;106.58624999999999;;98.38125;;98.0325;;98.2905;;99.10325;;98.1115;;98.0235;;97.991;;97.87725;;97.78175;;97.58225;;97.4315;;97.36625;;97.357;;97.3035;;97.236;;96.33325;;105.73875;;108.44625;;107.3455;;106.382;;97.58675000000001
1/1/2006;;12;;1;;23;;3;;CHI;;230;;119.4145;;111.6455;;106.9185;;99.082;;98.97999999999999;;99.0985;;99.49799999999999;;98.4555;;98.423;;98.39949999999999;;98.3415;;98.29974999999999;;98.22075;;98.17425;;98.16525000000001;;98.1555;;98.151;;98.16050000000001;;96.99450000000002;;104.99125;;107.37099999999998;;106.8835;;106.6005;;98.11174999999999
1/1/2006;;12;;1;;24;;3;;CBC;;115;;122.412;;112.85524999999998;;106.46574999999999;;98.0025;;97.49625;;97.738;;98.61325;;97.6125;;97.46625;;97.41499999999999;;97.31725;;97.21525;;97.00175;;96.83475000000001;;96.73949999999999;;96.74624999999999;;96.69549999999998;;96.63499999999999;;95.87125;;105.73174999999999;;108.6155;;107.30825;;106.0475;;97.03425
1/1/2006;;12;;1;;17;;3;;VHE;;115;;121.39750000000001;;112.27025;;106.243;;98.0515;;97.70525;;97.95375000000001;;98.79400000000001;;97.8075;;97.70075;;97.66125;;97.54749999999999;;97.45675;;97.26849999999999;;97.10825;;97.03875000000001;;97.03875000000001;;96.99725000000001;;96.95325;;96.0545;;105.3835;;108.09325;;106.99275;;106.02225000000001;;97.24099999999999
1/1/2006;;13;;3;;25;;3;;CAT;;69;;123.6635;;113.36375000000001;;106.32175;;97.60774999999998;;96.969;;97.185;;98.16050000000001;;97.1295;;96.9345;;96.8995;;96.81824999999999;;96.68825;;96.43274999999998;;96.247;;96.108;;96.12424999999999;;96.04975;;95.94775000000001;;95.425;;106.1985;;109.42125000000001;;107.72400000000002;;105.93875;;96.48875
1/1/2006;;13;;3;;26;;3;;VIN;;69;;121.85475000000001;;111.1485;;103.9885;;95.3905;;94.78899999999999;;94.99549999999999;;96.203;;95.3045;;94.95599999999999;;94.845;;94.73325000000001;;94.666;;94.46400000000001;;94.21100000000001;;93.99275;;94.02975;;93.96;;93.99025;;93.54475;;104.26225;;107.457;;105.73875;;103.89499999999998;;94.63825
1/1/2006;;14;;6;;27;;3;;KAR;;69;;125.161;;116.19425;;108.97774999999999;;100.04150000000001;;99.291;;99.43025;;99.995;;98.89874999999999;;98.8175;;98.90775;;98.87774999999999;;98.85225;;98.52249999999998;;98.26950000000001;;98.1745;;98.2415;;98.10225000000001;;97.84;;97.49175;;108.72025;;112.10075;;110.3755;;108.62025;;98.94300000000001
1/1/2006;;14;;6;;28;;3;;DDI;;69;;125.6045;;116.34299999999999;;109.17049999999999;;100.22;;99.47475;;99.62075;;100.21275;;99.08925;;98.97550000000001;;99.06575000000001;;99.03800000000001;;99.00550000000001;;98.69675;;98.4645;;98.37625;;98.43674999999999;;98.3135;;98.07225;;97.775;;109.029;;112.36075000000001;;110.64025;;108.885;;99.17975000000001
1/1/2006;;14;;1;;29;;3;;OCU;;115;;124.79899999999999;;114.8615;;107.70525;;98.85475000000001;;98.14875;;98.309;;99.052;;98.0;;97.87025;;97.9005;;97.84949999999999;;97.77975;;97.48;;97.24775;;97.127;;97.17825000000002;;97.062;;96.84625;;96.3935;;107.41975;;110.7655;;109.0615;;107.29925;;97.7425
1/1/2006;;14;;6;;30;;3;;POT;;69;;125.60924999999999;;116.09425000000002;;108.85475;;99.92025;;99.17724999999999;;99.3095;;99.8575;;98.77825;;98.72000000000001;;98.808;;98.77799999999999;;98.75;;98.40899999999999;;98.14625000000001;;98.04675;;98.116;;97.9655;;97.689;;97.3105;;108.52050000000001;;111.93375;;110.20575;;108.45049999999999;;98.78725
1/1/2006;;14;;6;;31;;3;;PUN;;69;;0.0;;0.0;;0.0;;0.0;;0.0;;0.0;;0.0;;0.0;;0.0;;0.0;;0.0;;0.0;;0.0;;0.0;;0.0;;0.0;;0.0;;0.0;;0.0;;0.0;;0.0;;0.0;;0.0;;0.0
1/1/2006;;14;;1;;32;;3;;SAC;;115;;122.95524999999999;;113.053;;106.35175000000001;;97.7775;;97.20825;;97.43374999999999;;98.36025;;97.35;;97.17824999999999;;97.13150000000002;;97.04125;;96.932;;96.69999999999999;;96.52125000000001;;96.4005;;96.41425;;96.35150000000002;;96.27274999999999;;95.62474999999999;;105.91274999999999;;108.95475000000002;;107.46625;;105.96424999999999;;96.75125
1/1/2006;;15;;1;;33;;4;;CBC;;115;;122.412;;112.85524999999998;;106.46574999999999;;98.0025;;97.49625;;97.738;;98.61325;;97.6125;;97.46625;;97.41499999999999;;97.31725;;97.21525;;97.00175;;96.83475000000001;;96.73949999999999;;96.74624999999999;;96.69549999999998;;96.63499999999999;;95.87125;;105.73174999999999;;108.6155;;107.30825;;106.0475;;97.03425
1/1/2006;;16;;3;;34;;4;;VIN;;115;;121.69675;;111.02799999999999;;103.9025;;95.32325;;94.73299999999999;;94.94;;96.16575;;95.27199999999999;;94.92150000000001;;94.80975;;94.68925;;94.62424999999999;;94.42675;;94.17599999999999;;93.9555;;93.99274999999999;;93.92075;;93.944;;93.48675;;104.15775;;107.33625;;105.6345;;103.798;;94.5685
1/1/2006;;17;;3;;35;;4;;VIN;;69;;121.85475000000001;;111.1485;;103.9885;;95.3905;;94.78899999999999;;94.99549999999999;;96.203;;95.3045;;94.95599999999999;;94.845;;94.73325000000001;;94.666;;94.46400000000001;;94.21100000000001;;93.99275;;94.02975;;93.96;;93.99025;;93.54475;;104.26225;;107.457;;105.73875;;103.89499999999998;;94.63825
2/1/2006;;1;;1;;1;;1;;CAR;;230;;100.164;;100.164;;100.164;;100.164;;100.164;;105.142;;110.12;;108.922;;101.53899999999999;;104.102;;109.554;;109.758;;109.962;;110.39;;110.612;;110.612;;105.105;;99.078;;97.861;;108.606;;108.198;;107.993;;105.307;;99.078
2/1/2006;;2;;2;;2;;2;;VIN;;69;;95.35075;;94.39875;;94.48975;;94.819;;95.098;;99.89949999999999;;104.945;;103.83024999999999;;96.69999999999999;;99.145;;104.643;;105.214;;105.386;;105.098;;105.10725;;105.17474999999999;;99.962;;94.47825;;94.16475;;108.8245;;110.666;;108.581;;102.17;;94.31524999999999
2/1/2006;;2;;2;;3;;2;;KEN;;115;;89.42325;;88.253;;88.4785;;89.096;;89.61125;;94.38975000000002;;99.52325;;98.28125;;91.11824999999999;;93.38900000000001;;99.0035;;99.78550000000001;;99.92500000000001;;99.08225;;98.78025000000001;;98.836;;93.9185;;88.89375;;88.62925;;105.365;;108.43925000000002;;105.62725;;97.55925;;88.91475
2/1/2006;;2;;2;;4;;1;;KEN;;115;;89.42325;;88.253;;88.4785;;89.096;;89.61125;;94.38975000000002;;99.52325;;98.28125;;91.11824999999999;;93.38900000000001;;99.0035;;99.78550000000001;;99.92500000000001;;99.08225;;98.78025000000001;;98.836;;93.9185;;88.89375;;88.62925;;105.365;;108.43925000000002;;105.62725;;97.55925;;88.91475
2/1/2006;;2;;3;;5;;1;;VIN;;69;;95.35075;;94.39875;;94.48975;;94.819;;95.098;;99.89949999999999;;104.945;;103.83024999999999;;96.69999999999999;;99.145;;104.643;;105.214;;105.386;;105.098;;105.10725;;105.17474999999999;;99.962;;94.47825;;94.16475;;108.8245;;110.666;;108.581;;102.17;;94.31524999999999
2/1/2006;;2;;2;;6;;1;;KEN;;115;;89.42325;;88.253;;88.4785;;89.096;;89.61125;;94.38975000000002;;99.52325;;98.28125;;91.11824999999999;;93.38900000000001;;99.0035;;99.78550000000001;;99.92500000000001;;99.08225;;98.78025000000001;;98.836;;93.9185;;88.89375;;88.62925;;105.365;;108.43925000000002;;105.62725;;97.55925;;88.91475
2/1/2006;;3;;1;;7;;1;;COR;;115;;97.80975000000001;;97.27825;;97.45675;;97.55675;;97.6935;;102.23975;;107.51975;;106.28675;;99.05199999999999;;101.11824999999999;;105.94324999999999;;106.1705;;106.4935;;106.967;;107.40375;;107.48025;;102.1075;;96.38874999999999;;96.00375;;105.92225;;106.26625;;105.33475;;101.04875000000001;;95.08375000000001
2/1/2006;;3;;1;;8;;1;;SIS;;115;;97.905;;97.3895;;97.55875;;97.6635;;97.782;;102.29075;;107.58475;;106.3265;;99.089;;101.13;;106.013;;106.2775;;106.626;;107.06949999999999;;107.36425;;107.45000000000002;;102.10974999999999;;96.41874999999999;;96.01950000000001;;106.0245;;106.34725;;105.43475000000001;;101.24874999999999;;95.25575
2/1/2006;;4;;4;;9;;1;;ARJ;;69;;99.7555;;98.755;;98.68275;;98.86625000000001;;99.12174999999999;;104.19925;;109.25875;;108.35074999999999;;101.25550000000001;;104.02525;;109.5535;;110.011;;110.13900000000001;;110.15700000000001;;110.42675;;110.457;;104.91225;;98.885;;98.3115;;112.8275;;114.27175;;112.2585;;106.30550000000001;;98.6665
2/1/2006;;4;;5;;10;;1;;GCH;;69;;102.72525;;102.4905;;102.35375;;102.261;;102.18875000000001;;107.513;;112.51175;;111.31824999999999;;103.6005;;106.43299999999999;;112.20275000000001;;112.31900000000002;;112.46975;;113.02250000000001;;113.2475;;113.20849999999999;;107.56125;;101.31125;;100.30825;;112.24249999999999;;112.05925;;112.17975;;109.32849999999999;;102.256
2/1/2006;;4;;6;;11;;1;;KAR;;69;;99.6765;;98.59924999999998;;98.488;;98.72225;;98.89875;;103.865;;108.94774999999998;;108.10249999999999;;101.102;;103.9905;;109.721;;110.2385;;110.26674999999999;;110.15724999999999;;110.32900000000001;;110.3455;;104.9405;;99.07275000000001;;98.87325;;113.98825;;115.7275;;113.43324999999999;;107.0415;;98.95675000000001
2/1/2006;;5;;2;;3;;3;;KEN;;115;;89.42325;;88.253;;88.4785;;89.096;;89.61125;;94.38975000000002;;99.52325;;98.28125;;91.11824999999999;;93.38900000000001;;99.0035;;99.78550000000001;;99.92500000000001;;99.08225;;98.78025000000001;;98.836;;93.9185;;88.89375;;88.62925;;105.365;;108.43925000000002;;105.62725;;97.55925;;88.91475
2/1/2006;;6;;6;;12;;1;;PUN;;69;;98.77075;;97.81199999999998;;97.70524999999999;;97.928;;98.03975;;102.91775;;107.9655;;106.981;;99.92975000000001;;102.74125;;108.214;;108.71300000000001;;108.79899999999999;;108.755;;108.97775;;109.01525000000001;;103.58425;;97.23875;;96.43299999999999;;110.125;;111.48075;;109.63925;;104.41525000000001;;97.45925
2/1/2006;;6;;6;;13;;2;;PUN;;69;;98.77075;;97.81199999999998;;97.70524999999999;;97.928;;98.03975;;102.91775;;107.9655;;106.981;;99.92975000000001;;102.74125;;108.214;;108.71300000000001;;108.79899999999999;;108.755;;108.97775;;109.01525000000001;;103.58425;;97.23875;;96.43299999999999;;110.125;;111.48075;;109.63925;;104.41525000000001;;97.45925
2/1/2006;;7;;2;;14;;1;;KEN;;115;;89.42325;;88.253;;88.4785;;89.096;;89.61125;;94.38975000000002;;99.52325;;98.28125;;91.11824999999999;;93.38900000000001;;99.0035;;99.78550000000001;;99.92500000000001;;99.08225;;98.78025000000001;;98.836;;93.9185;;88.89375;;88.62925;;105.365;;108.43925000000002;;105.62725;;97.55925;;88.91475
2/1/2006;;8;;1;;15;;1;;ARO;;115;;98.827;;98.10000000000001;;98.14399999999999;;98.272;;98.4205;;103.201;;108.29050000000001;;107.20625000000001;;100.05025;;102.49775;;107.79850000000002;;108.1885;;108.444;;108.56899999999999;;108.769;;108.8455;;103.40775;;97.631;;97.46825000000001;;110.025;;110.733;;109.21475;;104.0555;;97.083
2/1/2006;;9;;1;;16;;1;;CAR;;230;;100.164;;100.164;;100.164;;100.164;;100.164;;105.142;;110.12;;108.922;;101.53899999999999;;104.102;;109.554;;109.758;;109.962;;110.39;;110.612;;110.612;;105.105;;99.078;;97.861;;108.606;;108.198;;107.993;;105.307;;99.078
2/1/2006;;9;;1;;17;;1;;VHE;;115;;98.46199999999999;;97.75875;;97.812;;97.96075000000002;;98.11625000000001;;102.89925000000001;;107.98875;;106.88325;;99.7135;;102.14699999999999;;107.45;;107.84;;108.0865;;108.20225;;108.402;;108.46449999999999;;103.05475;;97.30125000000001;;97.02975;;109.5745;;110.35000000000001;;108.86875;;103.756;;96.78399999999999
2/1/2006;;10;;6;;18;;3;;MAR;;69;;99.86;;98.822;;98.72925000000001;;98.93575000000001;;99.15425;;104.1925;;109.28675;;108.38575;;101.30900000000001;;104.1345;;109.76499999999999;;110.25274999999999;;110.32675;;110.28500000000001;;110.51249999999999;;110.5335;;105.04925;;99.1055;;98.77575;;113.64475;;115.21424999999999;;113.03625;;106.84175;;98.959
2/1/2006;;10;;6;;19;;3;;ARJ;;69;;99.7555;;98.755;;98.68275;;98.86625000000001;;99.12174999999999;;104.19925;;109.25875;;108.35074999999999;;101.25550000000001;;104.02525;;109.5535;;110.011;;110.13900000000001;;110.15700000000001;;110.42675;;110.457;;104.91225;;98.885;;98.3115;;112.8275;;114.27175;;112.2585;;106.30550000000001;;98.6665
2/1/2006;;11;;5;;10;;3;;GCH;;69;;102.72525;;102.4905;;102.35375;;102.261;;102.18875000000001;;107.513;;112.51175;;111.31824999999999;;103.6005;;106.43299999999999;;112.20275000000001;;112.31900000000002;;112.46975;;113.02250000000001;;113.2475;;113.20849999999999;;107.56125;;101.31125;;100.30825;;112.24249999999999;;112.05925;;112.17975;;109.32849999999999;;102.256
2/1/2006;;11;;5;;20;;3;;URU;;69;;102.73675;;102.50475;;102.363;;102.27475;;102.20025;;107.52675;;112.51125;;111.316;;103.61225;;106.45150000000001;;112.23525000000001;;112.36325;;112.528;;113.07375000000002;;113.2895;;113.2455;;107.60074999999999;;101.35025;;100.34975;;112.26075;;112.117;;112.24674999999999;;109.38225;;102.28875
2/1/2006;;11;;5;;21;;3;;ARB;;115;;0.0;;0.0;;0.0;;0.0;;0.0;;0.0;;0.0;;0.0;;0.0;;0.0;;0.0;;0.0;;0.0;;0.0;;0.0;;0.0;;0.0;;0.0;;0.0;;0.0;;0.0;;0.0;;0.0;;0.0
2/1/2006;;12;;1;;22;;3;;ARO;;115;;98.827;;98.10000000000001;;98.14399999999999;;98.272;;98.4205;;103.201;;108.29050000000001;;107.20625000000001;;100.05025;;102.49775;;107.79850000000002;;108.1885;;108.444;;108.56899999999999;;108.769;;108.8455;;103.40775;;97.631;;97.46825000000001;;110.025;;110.733;;109.21475;;104.0555;;97.083
2/1/2006;;12;;1;;23;;3;;CHI;;230;;99.36075;;99.11250000000001;;99.1495;;99.203;;99.261;;104.12525000000001;;109.17275;;107.99125;;100.6775;;103.1315;;108.4625;;108.72925000000001;;108.95949999999999;;109.31225;;109.535;;109.5675;;104.11149999999999;;98.19975;;97.3175;;108.4205;;108.42775;;107.8055;;104.2995;;97.90975
2/1/2006;;12;;1;;24;;3;;CBC;;115;;98.10475;;97.30850000000001;;97.357;;97.54975;;97.72399999999999;;102.53;;107.59625;;106.5305;;99.38650000000001;;101.85425;;107.23675;;107.67275000000001;;107.884;;107.90725;;108.06524999999999;;108.114;;102.74125000000001;;97.02975;;96.7675;;110.04575;;111.14175;;109.4445;;103.92325;;96.61874999999999
2/1/2006;;12;;1;;17;;3;;VHE;;115;;98.46199999999999;;97.75875;;97.812;;97.96075000000002;;98.11625000000001;;102.89925000000001;;107.98875;;106.88325;;99.7135;;102.14699999999999;;107.45;;107.84;;108.0865;;108.20225;;108.402;;108.46449999999999;;103.05475;;97.30125000000001;;97.02975;;109.5745;;110.35000000000001;;108.86875;;103.756;;96.78399999999999
2/1/2006;;13;;3;;25;;3;;CAT;;69;;97.28975;;96.326;;96.3635;;96.64675;;96.85775000000001;;101.69425000000001;;106.72575;;105.7365;;98.655;;101.1765;;106.714;;107.23875000000001;;107.40599999999999;;107.23625;;107.32475;;107.33625;;102.04475;;96.4215;;96.1635;;110.71924999999999;;112.4375;;110.36625;;104.09975;;96.18675
2/1/2006;;13;;3;;26;;3;;VIN;;69;;95.35075;;94.39875;;94.48975;;94.819;;95.098;;99.89949999999999;;104.945;;103.83024999999999;;96.69999999999999;;99.145;;104.643;;105.214;;105.386;;105.098;;105.10725;;105.17474999999999;;99.962;;94.47825;;94.16475;;108.8245;;110.666;;108.581;;102.17;;94.31524999999999
2/1/2006;;14;;6;;27;;3;;KAR;;69;;99.6765;;98.59924999999998;;98.488;;98.72225;;98.89875;;103.865;;108.94774999999998;;108.10249999999999;;101.102;;103.9905;;109.721;;110.2385;;110.26674999999999;;110.15724999999999;;110.32900000000001;;110.3455;;104.9405;;99.07275000000001;;98.87325;;113.98825;;115.7275;;113.43324999999999;;107.0415;;98.95675000000001
2/1/2006;;14;;6;;28;;3;;DDI;;69;;99.9275;;98.85925;;98.757;;98.97775;;99.17524999999999;;104.18325;;109.30274999999999;;108.40450000000001;;101.34599999999999;;104.21124999999999;;109.91575;;110.4265;;110.4615;;110.37550000000002;;110.57974999999999;;110.58449999999999;;105.149;;99.26325;;99.1055;;114.232;;115.89;;113.58675;;107.22025;;99.161
2/1/2006;;14;;1;;29;;3;;OCU;;115;;98.49;;97.45675;;97.40350000000001;;97.66575;;97.85650000000001;;102.75999999999999;;107.80525;;106.91375;;99.8925;;102.63225;;108.2835;;108.80624999999999;;108.89675;;108.74325;;108.86874999999999;;108.88725;;103.53775;;97.7565;;97.47325;;112.36525;;114.144;;111.95425;;105.62525000000001;;97.62650000000001
2/1/2006;;14;;6;;30;;3;;POT;;69;;99.52075;;98.42750000000001;;98.316;;98.55525;;98.72225;;103.66075000000001;;108.7225;;107.90975;;100.9465;;103.85125;;109.59325;;110.11775000000002;;110.141;;110.018;;110.17349999999999;;110.19200000000001;;104.81225;;98.952;;98.7245;;113.82825;;115.62049999999999;;113.32875;;106.9255;;98.82675
2/1/2006;;14;;6;;31;;3;;PUN;;69;;0.0;;0.0;;0.0;;0.0;;0.0;;0.0;;0.0;;0.0;;0.0;;0.0;;0.0;;0.0;;0.0;;0.0;;0.0;;0.0;;0.0;;0.0;;0.0;;0.0;;0.0;;0.0;;0.0;;0.0
2/1/2006;;14;;1;;32;;3;;SAC;;115;;97.6935;;96.82075;;96.8625;;97.0945;;97.2895;;102.11225;;107.1645;;106.13125000000001;;99.0125;;101.51050000000001;;106.96700000000001;;107.44550000000001;;107.6335;;107.5615;;107.687;;107.71950000000001;;102.3885;;96.71600000000001;;96.45375;;110.336;;111.72225;;109.85075;;103.979;;96.39325000000001
2/1/2006;;15;;1;;33;;4;;CBC;;115;;98.10475;;97.30850000000001;;97.357;;97.54975;;97.72399999999999;;102.53;;107.59625;;106.5305;;99.38650000000001;;101.85425;;107.23675;;107.67275000000001;;107.884;;107.90725;;108.06524999999999;;108.114;;102.74125000000001;;97.02975;;96.7675;;110.04575;;111.14175;;109.4445;;103.92325;;96.61874999999999
2/1/2006;;16;;3;;34;;4;;VIN;;115;;95.30225;;94.36175;;94.457;;94.78649999999999;;95.06775;;99.87375;;104.92375;;103.80699999999999;;96.66975;;99.108;;104.59875;;105.16075000000001;;105.3395;;105.05375000000001;;105.06325;;105.12825;;99.9135;;94.42675;;94.1065;;108.70875;;110.53125;;108.46000000000001;;102.0795;;94.25275
2/1/2006;;17;;3;;35;;4;;VIN;;69;;95.35075;;94.39875;;94.48975;;94.819;;95.098;;99.89949999999999;;104.945;;103.83024999999999;;96.69999999999999;;99.145;;104.643;;105.214;;105.386;;105.098;;105.10725;;105.17474999999999;;99.962;;94.47825;;94.16475;;108.8245;;110.666;;108.581;;102.17;;94.31524999999999
3/1/2006;;1;;1;;1;;1;;CAR;;230;;100.164;;105.2445;;110.325;;100.164;;100.164;;100.164;;100.164;;99.078;;99.078;;99.078;;99.078;;99.078;;99.078;;99.078;;99.078;;99.078;;99.078;;99.078;;100.4985;;110.03175;;116.82325;;111.6595;;108.198;;104.209
3/1/2006;;2;;2;;2;;2;;VIN;;69;;95.279;;99.263;;104.36675000000001;;94.898;;94.93525;;95.04225000000001;;95.755;;95.63425000000001;;96.1845;;97.18525;;97.79125;;97.92125;;97.03675;;96.13125;;96.468;;96.88550000000001;;96.89275;;96.723;;98.52725;;113.51925;;122.09625;;115.472;;107.42675;;100.51475
3/1/2006;;2;;2;;3;;2;;KEN;;115;;89.40700000000001;;92.66925;;97.83525;;89.1005;;89.16775000000001;;89.27475;;90.41250000000001;;90.80700000000002;;91.9985;;93.3655;;94.22475;;94.42675;;93.1755;;91.73599999999999;;92.27199999999999;;92.855;;92.88525;;92.71574999999999;;94.12950000000001;;111.34625;;121.12125;;113.54024999999999;;103.44500000000001;;95.432
3/1/2006;;2;;2;;4;;1;;KEN;;115;;89.40700000000001;;92.66925;;97.83525;;89.1005;;89.16775000000001;;89.27475;;90.41250000000001;;90.80700000000002;;91.9985;;93.3655;;94.22475;;94.42675;;93.1755;;91.73599999999999;;92.27199999999999;;92.855;;92.88525;;92.71574999999999;;94.12950000000001;;111.34625;;121.12125;;113.54024999999999;;103.44500000000001;;95.432
3/1/2006;;2;;3;;5;;1;;VIN;;69;;95.279;;99.263;;104.36675000000001;;94.898;;94.93525;;95.04225000000001;;95.755;;95.63425000000001;;96.1845;;97.18525;;97.79125;;97.92125;;97.03675;;96.13125;;96.468;;96.88550000000001;;96.89275;;96.723;;98.52725;;113.51925;;122.09625;;115.472;;107.42675;;100.51475
3/1/2006;;2;;2;;6;;1;;KEN;;115;;89.40700000000001;;92.66925;;97.83525;;89.1005;;89.16775000000001;;89.27475;;90.41250000000001;;90.80700000000002;;91.9985;;93.3655;;94.22475;;94.42675;;93.1755;;91.73599999999999;;92.27199999999999;;92.855;;92.88525;;92.71574999999999;;94.12950000000001;;111.34625;;121.12125;;113.54024999999999;;103.44500000000001;;95.432
3/1/2006;;3;;1;;7;;1;;COR;;115;;97.35249999999999;;102.25150000000001;;107.38975;;97.522;;97.41025;;97.35900000000001;;97.7565;;96.375;;95.53200000000001;;96.0475;;96.3445;;96.32375;;96.28649999999999;;95.82;;95.49925;;95.75975;;95.70150000000001;;95.39975;;97.53349999999999;;108.785;;116.2265;;110.82375;;105.20474999999999;;99.888
3/1/2006;;3;;1;;8;;1;;SIS;;115;;97.4615;;102.32325;;107.457;;97.5685;;97.52225;;97.51499999999999;;97.89325;;96.563;;95.7015;;96.19125;;96.47449999999999;;96.447;;96.4585;;95.94775;;95.6275;;95.89899999999999;;95.9175;;95.62975;;97.67500000000001;;108.88025;;116.37774999999999;;110.9725;;105.321;;100.025
3/1/2006;;4;;4;;9;;1;;ARJ;;69;;99.9945;;104.262;;109.28675000000001;;99.305;;99.35625;;99.47675;;100.03200000000001;;99.89949999999999;;100.24525;;101.21825;;101.75475;;101.815;;100.99300000000001;;100.31725;;100.67750000000001;;101.0325;;100.559;;100.53999999999999;;102.33275;;117.19925;;124.90325;;118.69475;;111.39;;104.766
3/1/2006;;4;;5;;10;;1;;GCH;;69;;102.88274999999999;;108.61075;;113.84224999999999;;103.25925;;103.25;;103.21724999999999;;102.88775000000001;;101.47825;;102.13075;;102.44425;;102.30025;;102.2815;;102.22824999999999;;102.4255;;102.69725;;102.65100000000001;;102.65525;;102.56049999999999;;103.893;;113.84;;120.74725;;115.52525;;111.93125;;107.57525
3/1/2006;;4;;6;;11;;1;;KAR;;69;;100.018;;104.16225;;109.15;;99.17750000000001;;99.23750000000001;;99.3515;;100.02025;;100.0385;;100.6935;;101.86375;;102.54175;;102.804;;101.815;;100.99300000000001;;101.41775;;101.76875;;101.59675;;101.5315;;103.8305;;119.43299999999999;;124.0745;;120.45474999999999;;113.12225000000001;;105.825
3/1/2006;;5;;2;;3;;3;;KEN;;115;;89.40700000000001;;92.66925;;97.83525;;89.1005;;89.16775000000001;;89.27475;;90.41250000000001;;90.80700000000002;;91.9985;;93.3655;;94.22475;;94.42675;;93.1755;;91.73599999999999;;92.27199999999999;;92.855;;92.88525;;92.71574999999999;;94.12950000000001;;111.34625;;121.12125;;113.54024999999999;;103.44500000000001;;95.432
3/1/2006;;6;;6;;12;;1;;PUN;;69;;98.8315;;103.11525;;108.05125000000001;;98.20675;;98.25300000000001;;98.32300000000001;;98.85225;;98.59474999999999;;98.9055;;99.9365;;100.547;;100.689;;99.8365;;99.217;;99.5255;;99.8275;;99.5325;;98.9545;;100.43575000000001;;114.47625;;121.82225;;116.14775;;109.69999999999999;;103.60275000000001
3/1/2006;;6;;6;;13;;2;;PUN;;69;;98.8315;;103.11525;;108.05125000000001;;98.20675;;98.25300000000001;;98.32300000000001;;98.85225;;98.59474999999999;;98.9055;;99.9365;;100.547;;100.689;;99.8365;;99.217;;99.5255;;99.8275;;99.5325;;98.9545;;100.43575000000001;;114.47625;;121.82225;;116.14775;;109.69999999999999;;103.60275000000001
3/1/2006;;7;;2;;14;;1;;KEN;;115;;89.40700000000001;;92.66925;;97.83525;;89.1005;;89.16775000000001;;89.27475;;90.41250000000001;;90.80700000000002;;91.9985;;93.3655;;94.22475;;94.42675;;93.1755;;91.73599999999999;;92.27199999999999;;92.855;;92.88525;;92.71574999999999;;94.12950000000001;;111.34625;;121.12125;;113.54024999999999;;103.44500000000001;;95.432
3/1/2006;;8;;1;;15;;1;;ARO;;115;;98.60625000000002;;103.14775;;108.26249999999999;;98.32525;;98.31599999999999;;98.423;;98.89849999999998;;98.27175;;98.2045;;98.91275;;99.289;;99.30975;;98.79175000000001;;98.27175;;98.36225;;98.63625;;98.54575;;98.272;;100.25;;113.45425;;121.26725;;115.26325;;108.7945;;102.75074999999998
3/1/2006;;9;;1;;16;;1;;CAR;;230;;100.164;;105.2445;;110.325;;100.164;;100.164;;100.164;;100.164;;99.078;;99.078;;99.078;;99.078;;99.078;;99.078;;99.078;;99.078;;99.078;;99.078;;99.078;;100.4985;;110.03175;;116.82325;;111.6595;;108.198;;104.209
3/1/2006;;9;;1;;17;;1;;VHE;;115;;98.26025000000001;;102.78775;;107.896;;98.00475;;98.00025;;98.09525000000001;;98.562;;97.9165;;97.875;;98.56875;;98.94749999999999;;98.97975;;98.49025;;97.95124999999999;;98.03999999999999;;98.311;;98.22999999999999;;97.984;;99.92724999999999;;112.96674999999999;;120.70775;;114.794;;108.41825;;102.42549999999999
3/1/2006;;10;;6;;18;;3;;MAR;;69;;100.15025;;104.36875;;109.37950000000001;;99.38850000000001;;99.44200000000001;;99.56775;;100.19425;;100.1105;;100.5915;;101.65225;;102.2515;;102.40500000000002;;101.49925;;100.756;;101.151;;101.4945;;101.172;;101.1485;;103.25675000000001;;118.54375;;124.78475;;119.76025;;112.40725;;105.43225
3/1/2006;;10;;6;;19;;3;;ARJ;;69;;99.9945;;104.262;;109.28675000000001;;99.305;;99.35625;;99.47675;;100.03200000000001;;99.89949999999999;;100.24525;;101.21825;;101.75475;;101.815;;100.99300000000001;;100.31725;;100.67750000000001;;101.0325;;100.559;;100.53999999999999;;102.33275;;117.19925;;124.90325;;118.69475;;111.39;;104.766
3/1/2006;;11;;5;;10;;3;;GCH;;69;;102.88274999999999;;108.61075;;113.84224999999999;;103.25925;;103.25;;103.21724999999999;;102.88775000000001;;101.47825;;102.13075;;102.44425;;102.30025;;102.2815;;102.22824999999999;;102.4255;;102.69725;;102.65100000000001;;102.65525;;102.56049999999999;;103.893;;113.84;;120.74725;;115.52525;;111.93125;;107.57525
3/1/2006;;11;;5;;20;;3;;URU;;69;;102.91075;;108.61775;;113.84474999999999;;103.2685;;103.26375;;103.22675;;102.89000000000001;;101.485;;102.147;;102.46749999999999;;102.32825;;102.31875;;102.26775;;102.46050000000001;;102.74125000000001;;102.70175;;102.7065;;102.60900000000001;;103.93025;;113.87700000000001;;120.84475;;115.6275;;112.03325000000001;;107.64025
3/1/2006;;11;;5;;21;;3;;ARB;;115;;0.0;;0.0;;0.0;;0.0;;0.0;;0.0;;0.0;;0.0;;0.0;;0.0;;0.0;;0.0;;0.0;;0.0;;0.0;;0.0;;0.0;;0.0;;0.0;;0.0;;0.0;;0.0;;0.0;;0.0
3/1/2006;;12;;1;;22;;3;;ARO;;115;;98.60625000000002;;103.14775;;108.26249999999999;;98.32525;;98.31599999999999;;98.423;;98.89849999999998;;98.27175;;98.2045;;98.91275;;99.289;;99.30975;;98.79175000000001;;98.27175;;98.36225;;98.63625;;98.54575;;98.272;;100.25;;113.45425;;121.26725;;115.26325;;108.7945;;102.75074999999998
3/1/2006;;12;;1;;23;;3;;CHI;;230;;99.24725;;104.153;;109.24949999999998;;99.20049999999999;;99.19574999999999;;99.21225;;99.3795;;98.37175;;98.24175;;98.4855;;98.62475;;98.63175000000001;;98.51124999999999;;98.2995;;98.27199999999999;;98.38325;;98.36925;;98.2695;;99.90400000000001;;110.54975;;117.69175000000001;;112.3005;;107.79124999999999;;103.11525
3/1/2006;;12;;1;;24;;3;;CBC;;115;;97.95824999999999;;102.35825;;107.46625;;97.631;;97.673;;97.87950000000001;;98.42275000000001;;97.935;;98.08375;;98.887;;99.342;;99.42575000000001;;98.78949999999999;;98.151;;98.323;;98.56225;;98.49950000000001;;98.32525;;100.34525;;114.0975;;121.9455;;115.9085;;109.01275;;102.69275
3/1/2006;;12;;1;;17;;3;;VHE;;115;;98.26025000000001;;102.78775;;107.896;;98.00475;;98.00025;;98.09525000000001;;98.562;;97.9165;;97.875;;98.56875;;98.94749999999999;;98.97975;;98.49025;;97.95124999999999;;98.03999999999999;;98.311;;98.22999999999999;;97.984;;99.92724999999999;;112.96674999999999;;120.70775;;114.794;;108.41825;;102.42549999999999
3/1/2006;;13;;3;;25;;3;;CAT;;69;;97.27125;;101.4345;;106.5235;;96.81375;;96.87875;;97.00874999999999;;97.64724999999999;;97.4825;;98.02099999999999;;99.024;;99.635;;99.79750000000001;;98.91725000000001;;98.07675;;98.3855;;98.77575;;98.76875;;98.66650000000001;;100.7005;;115.64824999999999;;123.65675;;117.41749999999999;;109.60925;;102.71125
3/1/2006;;13;;3;;26;;3;;VIN;;69;;95.279;;99.263;;104.36675000000001;;94.898;;94.93525;;95.04225000000001;;95.755;;95.63425000000001;;96.1845;;97.18525;;97.79125;;97.92125;;97.03675;;96.13125;;96.468;;96.88550000000001;;96.89275;;96.723;;98.52725;;113.51925;;122.09625;;115.472;;107.42675;;100.51475
3/1/2006;;14;;6;;27;;3;;KAR;;69;;100.018;;104.16225;;109.15;;99.17750000000001;;99.23750000000001;;99.3515;;100.02025;;100.0385;;100.6935;;101.86375;;102.54175;;102.804;;101.815;;100.99300000000001;;101.41775;;101.76875;;101.59675;;101.5315;;103.8305;;119.43299999999999;;124.0745;;120.45474999999999;;113.12225000000001;;105.825
3/1/2006;;14;;6;;28;;3;;DDI;;69;;100.2595;;104.43175000000001;;109.43299999999999;;99.4375;;99.49525;;99.62075;;100.30099999999999;;100.25675000000001;;100.83075;;101.96324999999999;;102.60900000000001;;102.8365;;101.8635;;101.07425;;101.4945;;101.83350000000002;;101.61525;;101.5875;;103.928;;119.5145;;124.6805;;120.53125;;113.14099999999999;;105.906
3/1/2006;;14;;1;;29;;3;;OCU;;115;;98.6735;;102.8065;;107.83324999999999;;97.99325;;98.05624999999999;;98.17425;;98.82925;;98.801;;99.43725;;100.5425;;101.2065;;101.42275;;100.47274999999999;;99.63225;;100.0155;;100.38725000000001;;100.28699999999999;;100.17349999999999;;102.2935;;117.608;;124.41600000000001;;119.09899999999999;;111.47400000000002;;104.3645
3/1/2006;;14;;6;;30;;3;;POT;;69;;99.86449999999999;;103.986;;108.964;;99.01250000000002;;99.07050000000001;;99.17750000000001;;99.84125000000002;;99.90174999999999;;100.60499999999999;;101.801;;102.49775;;102.7785;;101.78;;100.93975;;101.3715;;101.72425;;101.59;;101.49;;103.77000000000001;;119.37724999999999;;125.01475;;120.601;;113.106;;105.7715
3/1/2006;;14;;6;;31;;3;;PUN;;69;;0.0;;0.0;;0.0;;0.0;;0.0;;0.0;;0.0;;0.0;;0.0;;0.0;;0.0;;0.0;;0.0;;0.0;;0.0;;0.0;;0.0;;0.0;;0.0;;0.0;;0.0;;0.0;;0.0;;0.0
3/1/2006;;14;;1;;32;;3;;SAC;;115;;97.61025000000001;;101.89399999999999;;106.98999999999998;;97.21974999999999;;97.27100000000002;;97.44300000000001;;98.03275000000001;;97.69825;;98.03025000000001;;98.92675;;99.456;;99.572;;98.822;;98.0905;;98.3275;;98.63874999999999;;98.59700000000001;;98.4555;;100.473;;114.78925;;122.69975000000001;;116.5795;;109.26124999999999;;102.66924999999999
3/1/2006;;15;;1;;33;;4;;CBC;;115;;97.95824999999999;;102.35825;;107.46625;;97.631;;97.673;;97.87950000000001;;98.42275000000001;;97.935;;98.08375;;98.887;;99.342;;99.42575000000001;;98.78949999999999;;98.151;;98.323;;98.56225;;98.49950000000001;;98.32525;;100.34525;;114.0975;;121.9455;;115.9085;;109.01275;;102.69275
3/1/2006;;16;;3;;34;;4;;VIN;;115;;95.228;;99.21925000000002;;104.3295;;94.861;;94.9005;;95.0075;;95.71775000000001;;95.58075;;96.12425;;97.12025;;97.71925;;97.84899999999999;;96.98075;;96.07525;;96.40299999999999;;96.816;;96.816;;96.64424999999999;;98.4345;;113.37325;;121.92425;;115.3235;;107.32;;100.4335
3/1/2006;;17;;3;;35;;4;;VIN;;69;;95.279;;99.263;;104.36675000000001;;94.898;;94.93525;;95.04225000000001;;95.755;;95.63425000000001;;96.1845;;97.18525;;97.79125;;97.92125;;97.03675;;96.13125;;96.468;;96.88550000000001;;96.89275;;96.723;;98.52725;;113.51925;;122.09625;;115.472;;107.42675;;100.51475
4/1/2006;;1;;1;;1;;1;;CAR;;230;;100.164;;107.78475;;110.325;;110.325;;110.325;;110.325;;110.325;;99.078;;109.126;;109.34;;109.554;;109.554;;109.758;;109.758;;109.962;;109.962;;109.962;;109.962;;108.606;;114.46675;;122.101;;115.64150000000001;;108.411;;106.935
4/1/2006;;2;;2;;2;;2;;VIN;;69;;95.9385;;102.27225;;104.48275000000001;;104.6755;;104.66599999999998;;104.889;;105.62049999999999;;96.022;;107.032;;108.29275;;109.07300000000001;;109.05675;;109.14250000000001;;108.263;;108.71525;;109.6625;;110.185;;110.23625000000001;;108.8665;;119.3775;;128.76675;;120.21775000000001;;108.62025;;103.5795
4/1/2006;;2;;2;;3;;2;;KEN;;115;;90.273;;95.54625;;97.41725;;97.76125;;97.81925;;98.107;;99.2585;;91.16924999999999;;102.551;;104.18325000000002;;105.06550000000001;;105.20049999999999;;105.4185;;104.016;;104.61250000000001;;105.93400000000001;;106.83474999999999;;106.73;;105.03999999999999;;117.72874999999999;;127.95400000000001;;118.24675;;104.54775000000001;;98.244
4/1/2006;;2;;2;;4;;1;;KEN;;115;;90.273;;95.54625;;97.41725;;97.76125;;97.81925;;98.107;;99.2585;;91.16924999999999;;102.551;;104.18325000000002;;105.06550000000001;;105.20049999999999;;105.4185;;104.016;;104.61250000000001;;105.93400000000001;;106.83474999999999;;106.73;;105.03999999999999;;117.72874999999999;;127.95400000000001;;118.24675;;104.54775000000001;;98.244
4/1/2006;;2;;3;;5;;1;;VIN;;69;;95.9385;;102.27225;;104.48275000000001;;104.6755;;104.66599999999998;;104.889;;105.62049999999999;;96.022;;107.032;;108.29275;;109.07300000000001;;109.05675;;109.14250000000001;;108.263;;108.71525;;109.6625;;110.185;;110.23625000000001;;108.8665;;119.3775;;128.76675;;120.21775000000001;;108.62025;;103.5795
4/1/2006;;2;;2;;6;;1;;KEN;;115;;90.273;;95.54625;;97.41725;;97.76125;;97.81925;;98.107;;99.2585;;91.16924999999999;;102.551;;104.18325000000002;;105.06550000000001;;105.20049999999999;;105.4185;;104.016;;104.61250000000001;;105.93400000000001;;106.83474999999999;;106.73;;105.03999999999999;;117.72874999999999;;127.95400000000001;;118.24675;;104.54775000000001;;98.244
4/1/2006;;3;;1;;7;;1;;COR;;115;;96.90425;;104.30625;;107.06925000000001;;107.18325;;107.14625;;107.16225;;107.45225;;96.10325;;105.56224999999999;;106.259;;106.92300000000002;;106.591;;107.155;;106.71650000000001;;106.5075;;106.93675;;106.86500000000001;;107.07875000000001;;106.308;;113.22475;;121.67575;;115.04925;;105.862;;102.37700000000001
4/1/2006;;3;;1;;8;;1;;SIS;;115;;96.99475;;104.3805;;107.06200000000001;;107.14349999999999;;107.15974999999999;;107.21325;;107.48725;;96.13325;;105.697;;106.37975;;107.06675;;106.70249999999999;;107.3225;;106.88374999999999;;106.63050000000001;;107.04825;;107.11325000000001;;107.327;;106.47025;;113.3335;;121.82225;;115.17949999999999;;106.01050000000001;;102.59975
4/1/2006;;4;;4;;9;;1;;ARJ;;69;;100.6635;;107.566;;109.94149999999999;;110.11099999999999;;110.09700000000001;;110.329;;110.90975;;100.52175;;111.73625;;112.98750000000001;;113.81875000000001;;113.69825;;113.60275;;112.92975000000001;;113.60525000000001;;114.28775000000002;;114.39725;;114.18350000000001;;112.551;;122.62349999999998;;131.862;;123.83075;;113.03625000000001;;108.2835
4/1/2006;;4;;5;;10;;1;;GCH;;69;;102.941;;111.274;;113.9375;;113.83975;;113.83274999999999;;113.76075;;113.54975;;101.83125;;112.66950000000001;;113.24525;;113.25925000000001;;113.3965;;113.34525;;113.51475;;113.96975;;113.8655;;113.7935;;113.6635;;112.082;;118.36725000000001;;125.86925000000001;;119.605;;112.456;;110.459
4/1/2006;;4;;6;;11;;1;;KAR;;69;;101.10675;;107.9075;;110.2825;;110.46824999999998;;110.40599999999999;;110.652;;111.339;;101.04175;;112.63250000000001;;114.04875;;114.99825;;115.0265;;114.87975;;114.20875;;114.81725;;115.4905;;115.695;;115.47225;;114.441;;123.09;;130.75900000000001;;124.15099999999998;;114.476;;109.26575000000001
4/1/2006;;5;;2;;3;;3;;KEN;;115;;90.273;;95.54625;;97.41725;;97.76125;;97.81925;;98.107;;99.2585;;91.16924999999999;;102.551;;104.18325000000002;;105.06550000000001;;105.20049999999999;;105.4185;;104.016;;104.61250000000001;;105.93400000000001;;106.83474999999999;;106.73;;105.03999999999999;;117.72874999999999;;127.95400000000001;;118.24675;;104.54775000000001;;98.244
4/1/2006;;6;;6;;12;;1;;PUN;;69;;99.32600000000001;;106.231;;108.6505;;108.93625;;108.7875;;108.95450000000001;;109.53525;;99.13525;;110.09;;111.33224999999999;;112.2075;;112.12625;;112.06125;;111.4925;;111.98949999999999;;112.58800000000001;;112.7205;;112.10775;;110.40825;;119.52825;;128.277;;120.68225;;110.90275;;106.95824999999999
4/1/2006;;6;;6;;13;;2;;PUN;;69;;99.32600000000001;;106.231;;108.6505;;108.93625;;108.7875;;108.95450000000001;;109.53525;;99.13525;;110.09;;111.33224999999999;;112.2075;;112.12625;;112.06125;;111.4925;;111.98949999999999;;112.58800000000001;;112.7205;;112.10775;;110.40825;;119.52825;;128.277;;120.68225;;110.90275;;106.95824999999999
4/1/2006;;7;;2;;14;;1;;KEN;;115;;90.273;;95.54625;;97.41725;;97.76125;;97.81925;;98.107;;99.2585;;91.16924999999999;;102.551;;104.18325000000002;;105.06550000000001;;105.20049999999999;;105.4185;;104.016;;104.61250000000001;;105.93400000000001;;106.83474999999999;;106.73;;105.03999999999999;;117.72874999999999;;127.95400000000001;;118.24675;;104.54775000000001;;98.244
4/1/2006;;8;;1;;15;;1;;ARO;;115;;98.74549999999999;;105.78975;;108.286;;108.3835;;108.38325;;108.57124999999999;;108.98474999999999;;98.33000000000001;;108.82225;;109.758;;110.443;;110.26175;;110.43825000000001;;109.95750000000001;;110.0505;;110.58925;;110.703;;110.7055;;109.67224999999999;;118.45100000000001;;127.32724999999999;;119.69325;;109.66274999999999;;105.60425000000001
4/1/2006;;9;;1;;16;;1;;CAR;;230;;100.164;;107.78475;;110.325;;110.325;;110.325;;110.325;;110.325;;99.078;;109.126;;109.34;;109.554;;109.554;;109.758;;109.758;;109.962;;109.962;;109.962;;109.962;;108.606;;114.46675;;122.101;;115.64150000000001;;108.411;;106.935
4/1/2006;;9;;1;;17;;1;;VHE;;115;;98.41825;;105.43925000000002;;107.9215;;108.03300000000002;;108.03075;;108.19550000000001;;108.60875000000001;;97.99075;;108.4555;;109.37475;;110.0435;;109.8835;;110.07825;;109.57900000000001;;109.71625;;110.26625;;110.40575000000001;;110.413;;109.33774999999999;;117.97975;;126.75150000000001;;119.17074999999998;;109.2775;;105.27925
4/1/2006;;10;;6;;18;;3;;MAR;;69;;101.02574999999999;;107.89125;;110.26175;;110.443;;110.39649999999999;;110.64274999999999;;111.29050000000001;;100.907;;112.30725;;113.63775000000001;;114.51975;;114.476;;114.34825;;113.67249999999999;;114.3155;;114.99375;;115.1515;;114.94250000000001;;113.6705;;123.1385;;131.62275;;124.22524999999999;;113.91875;;108.91524999999999
4/1/2006;;10;;6;;19;;3;;ARJ;;69;;100.6635;;107.566;;109.94149999999999;;110.11099999999999;;110.09700000000001;;110.329;;110.90975;;100.52175;;111.73625;;112.98750000000001;;113.81875000000001;;113.69825;;113.60275;;112.92975000000001;;113.60525000000001;;114.28775000000002;;114.39725;;114.18350000000001;;112.551;;122.62349999999998;;131.862;;123.83075;;113.03625000000001;;108.2835
4/1/2006;;11;;5;;10;;3;;GCH;;69;;102.941;;111.274;;113.9375;;113.83975;;113.83274999999999;;113.76075;;113.54975;;101.83125;;112.66950000000001;;113.24525;;113.25925000000001;;113.3965;;113.34525;;113.51475;;113.96975;;113.8655;;113.7935;;113.6635;;112.082;;118.36725000000001;;125.86925000000001;;119.605;;112.456;;110.459
4/1/2006;;11;;5;;20;;3;;URU;;69;;102.997;;111.31325000000001;;113.96975;;113.87;;113.85375;;113.7815;;113.55425;;101.843;;112.68825;;113.2685;;113.29875;;113.42875000000001;;113.38;;113.54725;;114.00675;;113.91875000000002;;113.83975;;113.70750000000001;;112.10549999999999;;118.3905;;125.94575;;119.684;;112.5235;;110.49175000000001
4/1/2006;;11;;5;;21;;3;;ARB;;115;;0.0;;0.0;;0.0;;0.0;;0.0;;0.0;;0.0;;0.0;;0.0;;0.0;;0.0;;0.0;;0.0;;0.0;;0.0;;0.0;;0.0;;0.0;;0.0;;0.0;;0.0;;0.0;;0.0;;0.0
4/1/2006;;12;;1;;22;;3;;ARO;;115;;98.74549999999999;;105.78975;;108.286;;108.3835;;108.38325;;108.57124999999999;;108.98474999999999;;98.33000000000001;;108.82225;;109.758;;110.443;;110.26175;;110.43825000000001;;109.95750000000001;;110.0505;;110.58925;;110.703;;110.7055;;109.67224999999999;;118.45100000000001;;127.32724999999999;;119.69325;;109.66274999999999;;105.60425000000001
4/1/2006;;12;;1;;23;;3;;CHI;;230;;99.2215;;106.6515;;109.196;;109.23325;;109.23575;;109.28399999999999;;109.4305;;98.33449999999999;;108.41575;;108.87325;;109.26325;;109.17750000000001;;109.44449999999999;;109.25175;;109.37475;;109.5815;;109.628;;109.66499999999999;;108.43674999999999;;115.13775;;123.18275000000001;;116.4195;;108.23724999999999;;105.85500000000002
4/1/2006;;12;;1;;24;;3;;CBC;;115;;98.49475;;105.386;;107.80525;;107.94025;;107.93975;;108.13499999999999;;108.63649999999998;;98.20425;;108.922;;109.96925000000002;;110.68225;;110.56349999999999;;110.68675;;110.0995;;110.35475;;111.02799999999999;;111.26025;;111.27425000000001;;110.132;;119.3355;;128.26775;;120.42225000000002;;110.03875000000001;;105.67600000000002
4/1/2006;;12;;1;;17;;3;;VHE;;115;;98.41825;;105.43925000000002;;107.9215;;108.03300000000002;;108.03075;;108.19550000000001;;108.60875000000001;;97.99075;;108.4555;;109.37475;;110.0435;;109.8835;;110.07825;;109.57900000000001;;109.71625;;110.26625;;110.40575000000001;;110.413;;109.33774999999999;;117.97975;;126.75150000000001;;119.17074999999998;;109.2775;;105.27925
4/1/2006;;13;;3;;25;;3;;CAT;;69;;98.195;;104.824;;107.10175000000001;;107.2875;;107.28525;;107.508;;108.18825;;98.17425;;109.354;;110.652;;111.446;;111.41125000000001;;111.388;;110.61225;;111.09075;;112.00325;;112.41874999999999;;112.46074999999999;;111.18575000000001;;121.35075;;130.5315;;122.2285;;110.98600000000002;;105.9685
4/1/2006;;13;;3;;26;;3;;VIN;;69;;95.9385;;102.27225;;104.48275000000001;;104.6755;;104.66599999999998;;104.889;;105.62049999999999;;96.022;;107.032;;108.29275;;109.07300000000001;;109.05675;;109.14250000000001;;108.263;;108.71525;;109.6625;;110.185;;110.23625000000001;;108.8665;;119.3775;;128.76675;;120.21775000000001;;108.62025;;103.5795
4/1/2006;;14;;6;;27;;3;;KAR;;69;;101.10675;;107.9075;;110.2825;;110.46824999999998;;110.40599999999999;;110.652;;111.339;;101.04175;;112.63250000000001;;114.04875;;114.99825;;115.0265;;114.87975;;114.20875;;114.81725;;115.4905;;115.695;;115.47225;;114.441;;123.09;;130.75900000000001;;124.15099999999998;;114.476;;109.26575000000001
4/1/2006;;14;;6;;28;;3;;DDI;;69;;101.27149999999999;;108.10699999999999;;110.48474999999999;;110.67275000000001;;110.61224999999999;;110.87249999999999;;111.56674999999998;;101.1905;;112.723;;114.107;;115.024;;115.02850000000001;;114.88199999999999;;114.209;;114.83350000000002;;115.5045;;115.69725;;115.4975;;114.49225;;123.50575;;131.43925000000002;;124.49925;;114.548;;109.36574999999999
4/1/2006;;14;;1;;29;;3;;OCU;;115;;99.70675000000001;;106.4055;;108.72725;;108.92225;;108.878;;109.11475;;109.79750000000001;;99.679;;111.10475;;112.47675000000001;;113.3615;;113.3685;;113.27075;;112.55125000000001;;113.118;;113.8955;;114.1995;;114.05324999999999;;112.8505;;122.56300000000002;;131.249;;123.5265;;112.82974999999999;;107.72649999999999
4/1/2006;;14;;6;;30;;3;;POT;;69;;101.0025;;107.77525;;110.15025;;110.33825;;110.269;;110.51475;;111.19525;;100.94425;;112.57900000000001;;114.01650000000001;;114.9775;;115.02625;;114.87975;;114.2065;;114.81049999999999;;115.4815;;115.69024999999999;;115.45575;;114.4135;;123.62625;;131.797;;124.63625;;114.425;;109.19375
4/1/2006;;14;;6;;31;;3;;PUN;;69;;0.0;;0.0;;0.0;;0.0;;0.0;;0.0;;0.0;;0.0;;0.0;;0.0;;0.0;;0.0;;0.0;;0.0;;0.0;;0.0;;0.0;;0.0;;0.0;;0.0;;0.0;;0.0;;0.0;;0.0
4/1/2006;;14;;1;;32;;3;;SAC;;115;;98.3185;;105.0795;;107.43375;;107.59175;;107.59174999999999;;107.8005;;108.38350000000001;;98.15824999999998;;109.08675000000001;;110.25049999999999;;111.0025;;110.92325;;110.97925;;110.3035;;110.66125000000001;;111.44575;;111.762;;111.7825;;110.57975;;120.22699999999999;;129.266;;121.21625;;110.4405;;105.77600000000001
4/1/2006;;15;;1;;33;;4;;CBC;;115;;98.49475;;105.386;;107.80525;;107.94025;;107.93975;;108.13499999999999;;108.63649999999998;;98.20425;;108.922;;109.96925000000002;;110.68225;;110.56349999999999;;110.68675;;110.0995;;110.35475;;111.02799999999999;;111.26025;;111.27425000000001;;110.132;;119.3355;;128.26775;;120.42225000000002;;110.03875000000001;;105.67600000000002
4/1/2006;;16;;3;;34;;4;;VIN;;115;;95.86875;;102.2025;;104.41300000000001;;104.61050000000002;;104.6105;;104.82875;;105.5575;;95.95475;;106.946;;108.2;;108.97075;;108.95474999999999;;109.05925;;108.18375;;108.62049999999999;;109.55375000000001;;110.06225;;110.09674999999999;;108.72725000000001;;119.17775;;128.551;;120.03450000000001;;108.48549999999999;;103.4725
4/1/2006;;17;;3;;35;;4;;VIN;;69;;95.9385;;102.27225;;104.48275000000001;;104.6755;;104.66599999999998;;104.889;;105.62049999999999;;96.022;;107.032;;108.29275;;109.07300000000001;;109.05675;;109.14250000000001;;108.263;;108.71525;;109.6625;;110.185;;110.23625000000001;;108.8665;;119.3775;;128.76675;;120.21775000000001;;108.62025;;103.5795
5/1/2006;;1;;1;;1;;1;;CAR;;230;;100.164;;100.164;;100.164;;100.164;;100.164;;100.164;;100.164;;99.078;;99.078;;109.962;;110.39;;110.39;;110.612;;110.826;;111.049;;111.049;;111.049;;111.049;;101.43675;;121.17675;;135.40725;;124.09325000000001;;109.56025;;109.758
5/1/2006;;2;;2;;2;;2;;VIN;;69;;95.44624999999999;;95.24175;;94.759;;94.5915;;94.6705;;95.13974999999999;;95.53675000000001;;95.892;;96.95525;;109.0915;;109.63725;;109.4515;;109.2195;;108.82925;;108.9175;;109.238;;109.19375;;109.5445;;100.16650000000001;;125.031;;142.577;;129.02700000000002;;110.3105;;106.62125
5/1/2006;;2;;2;;3;;2;;KEN;;115;;89.74375;;89.0495;;88.33449999999999;;88.02550000000001;;88.223;;88.98;;89.95725;;91.38050000000001;;93.006;;105.184;;105.63199999999999;;105.51625;;104.8775;;103.90449999999998;;104.095;;104.58475000000001;;104.457;;105.04925;;95.8945;;122.83449999999999;;141.71125;;127.18074999999999;;106.56325;;101.21375
5/1/2006;;2;;2;;4;;1;;KEN;;115;;89.74375;;89.0495;;88.33449999999999;;88.02550000000001;;88.223;;88.98;;89.95725;;91.38050000000001;;93.006;;105.184;;105.63199999999999;;105.51625;;104.8775;;103.90449999999998;;104.095;;104.58475000000001;;104.457;;105.04925;;95.8945;;122.83449999999999;;141.71125;;127.18074999999999;;106.56325;;101.21375
5/1/2006;;2;;3;;5;;1;;VIN;;69;;95.44624999999999;;95.24175;;94.759;;94.5915;;94.6705;;95.13974999999999;;95.53675000000001;;95.892;;96.95525;;109.0915;;109.63725;;109.4515;;109.2195;;108.82925;;108.9175;;109.238;;109.19375;;109.5445;;100.16650000000001;;125.031;;142.577;;129.02700000000002;;110.3105;;106.62125
5/1/2006;;2;;2;;6;;1;;KEN;;115;;89.74375;;89.0495;;88.33449999999999;;88.02550000000001;;88.223;;88.98;;89.95725;;91.38050000000001;;93.006;;105.184;;105.63199999999999;;105.51625;;104.8775;;103.90449999999998;;104.095;;104.58475000000001;;104.457;;105.04925;;95.8945;;122.83449999999999;;141.71125;;127.18074999999999;;106.56325;;101.21375
5/1/2006;;3;;1;;7;;1;;COR;;115;;95.88024999999999;;96.88325;;96.79999999999998;;96.897;;96.9345;;96.953;;96.58850000000001;;95.36025000000001;;95.50649999999999;;106.8675;;107.47774999999999;;107.12475;;107.97225;;108.10025000000002;;107.28725;;107.24575;;107.3735;;107.889;;98.901;;119.57475;;135.04975;;123.32225;;106.958;;105.4185
5/1/2006;;3;;1;;8;;1;;SIS;;115;;96.0685;;97.0715;;96.89750000000001;;96.9645;;97.00175;;97.07849999999999;;96.723;;95.4925;;95.61575;;107.00200000000001;;107.62200000000001;;107.2505;;108.1955;;108.29525;;107.41075;;107.40375;;107.62875;;108.09775;;99.0425;;119.65125;;135.11725;;123.49175;;107.1575;;105.67625000000001
5/1/2006;;4;;4;;9;;1;;ARJ;;69;;99.63925;;99.809;;99.33075;;99.20524999999998;;99.2885;;99.686;;99.91375000000001;;99.95750000000001;;100.89775;;113.34275;;113.99525;;113.74225;;113.48700000000001;;113.34975;;113.54025;;113.78875;;113.726;;113.70500000000001;;103.93225;;127.03725;;142.41225;;130.90075000000002;;114.72225;;111.46449999999999
5/1/2006;;4;;5;;10;;1;;GCH;;69;;103.389;;103.1315;;103.322;;103.23575;;103.19424999999998;;103.0685;;103.17075;;101.87299999999999;;102.5325;;113.7005;;114.232;;114.3925;;114.20175;;114.5225;;115.12375;;115.16575;;115.11225;;114.9145;;104.838;;125.46974999999999;;139.505;;128.321;;113.893;;113.57275
5/1/2006;;4;;6;;11;;1;;KAR;;69;;100.59349999999999;;100.4545;;99.94600000000001;;99.744;;99.80175;;100.21974999999999;;100.54025;;100.661;;101.77300000000001;;114.613;;115.35125;;115.12825000000001;;114.7755;;114.56649999999999;;114.7175;;114.92625;;114.81725;;114.80575;;105.28824999999999;;128.17725;;143.85675;;131.21175;;116.24275;;112.43500000000002
5/1/2006;;5;;2;;3;;3;;KEN;;115;;89.74375;;89.0495;;88.33449999999999;;88.02550000000001;;88.223;;88.98;;89.95725;;91.38050000000001;;93.006;;105.184;;105.63199999999999;;105.51625;;104.8775;;103.90449999999998;;104.095;;104.58475000000001;;104.457;;105.04925;;95.8945;;122.83449999999999;;141.71125;;127.18074999999999;;106.56325;;101.21375
5/1/2006;;6;;6;;12;;1;;PUN;;69;;98.81725;;98.86375;;98.38799999999999;;98.27175;;98.32075;;98.66425;;98.864;;98.7525;;99.56275;;111.89175;;112.61625000000001;;112.289;;112.024;;111.95425;;112.03125;;112.17975000000001;;112.12400000000001;;111.683;;101.79175000000001;;124.713;;140.903;;128.5695;;112.57650000000001;;109.93674999999999
5/1/2006;;6;;6;;13;;2;;PUN;;69;;98.81725;;98.86375;;98.38799999999999;;98.27175;;98.32075;;98.66425;;98.864;;98.7525;;99.56275;;111.89175;;112.61625000000001;;112.289;;112.024;;111.95425;;112.03125;;112.17975000000001;;112.12400000000001;;111.683;;101.79175000000001;;124.713;;140.903;;128.5695;;112.57650000000001;;109.93674999999999
5/1/2006;;7;;2;;14;;1;;KEN;;115;;89.74375;;89.0495;;88.33449999999999;;88.02550000000001;;88.223;;88.98;;89.95725;;91.38050000000001;;93.006;;105.184;;105.63199999999999;;105.51625;;104.8775;;103.90449999999998;;104.095;;104.58475000000001;;104.457;;105.04925;;95.8945;;122.83449999999999;;141.71125;;127.18074999999999;;106.56325;;101.21375
5/1/2006;;8;;1;;15;;1;;ARO;;115;;98.10225;;98.38799999999998;;98.086;;98.04899999999999;;98.11625;;98.3925;;98.33250000000001;;97.88875;;98.4765;;110.34774999999999;;110.949;;110.661;;110.87025;;110.90724999999999;;110.67500000000001;;110.78200000000001;;110.78875000000001;;111.03025;;101.58500000000001;;124.74575;;141.351;;128.614;;111.07900000000001;;108.68275
5/1/2006;;9;;1;;16;;1;;CAR;;230;;100.164;;100.164;;100.164;;100.164;;100.164;;100.164;;100.164;;99.078;;99.078;;109.962;;110.39;;110.39;;110.612;;110.826;;111.049;;111.049;;111.049;;111.049;;101.43675;;121.17675;;135.40725;;124.09325000000001;;109.56025;;109.758
5/1/2006;;9;;1;;17;;1;;VHE;;115;;97.79574999999998;;98.05625;;97.761;;97.717;;97.78199999999998;;98.04899999999999;;98.028;;97.59375;;98.17675;;109.997;;110.58675;;110.32475;;110.52199999999999;;110.51950000000001;;110.31275;;110.422;;110.43374999999999;;110.687;;101.26700000000001;;124.25125;;140.72674999999998;;128.06574999999998;;110.6935;;108.33924999999999
5/1/2006;;10;;6;;18;;3;;MAR;;69;;100.2385;;100.26175;;99.77175;;99.60475000000001;;99.67625;;100.0895;;100.37525;;100.43100000000001;;101.43875;;114.086;;114.7755;;114.53899999999999;;114.22525;;114.06025000000001;;114.23225;;114.45975;;114.37625;;114.38299999999998;;104.7915;;127.894;;143.4155;;131.30475;;115.64150000000001;;112.089
5/1/2006;;10;;6;;19;;3;;ARJ;;69;;99.63925;;99.809;;99.33075;;99.20524999999998;;99.2885;;99.686;;99.91375000000001;;99.95750000000001;;100.89775;;113.34275;;113.99525;;113.74225;;113.48700000000001;;113.34975;;113.54025;;113.78875;;113.726;;113.70500000000001;;103.93225;;127.03725;;142.41225;;130.90075000000002;;114.72225;;111.46449999999999
5/1/2006;;11;;5;;10;;3;;GCH;;69;;103.389;;103.1315;;103.322;;103.23575;;103.19424999999998;;103.0685;;103.17075;;101.87299999999999;;102.5325;;113.7005;;114.232;;114.3925;;114.20175;;114.5225;;115.12375;;115.16575;;115.11225;;114.9145;;104.838;;125.46974999999999;;139.505;;128.321;;113.893;;113.57275
5/1/2006;;11;;5;;20;;3;;URU;;69;;103.42175;;103.15225;;103.34275;;103.24775;;103.208;;103.08275;;103.17099999999999;;101.88924999999999;;102.56;;113.73774999999999;;114.27625;;114.434;;114.2555;;114.55949999999999;;115.16775;;115.21675;;115.16574999999999;;114.959;;104.86599999999999;;125.5025;;139.603;;128.43225;;113.95849999999999;;113.6285
5/1/2006;;11;;5;;21;;3;;ARB;;115;;0.0;;0.0;;0.0;;0.0;;0.0;;0.0;;0.0;;0.0;;0.0;;0.0;;0.0;;0.0;;0.0;;0.0;;0.0;;0.0;;0.0;;0.0;;0.0;;0.0;;0.0;;0.0;;0.0;;0.0
5/1/2006;;12;;1;;22;;3;;ARO;;115;;98.10225;;98.38799999999998;;98.086;;98.04899999999999;;98.11625;;98.3925;;98.33250000000001;;97.88875;;98.4765;;110.34774999999999;;110.949;;110.661;;110.87025;;110.90724999999999;;110.67500000000001;;110.78200000000001;;110.78875000000001;;111.03025;;101.58500000000001;;124.74575;;141.351;;128.614;;111.07900000000001;;108.68275
5/1/2006;;12;;1;;23;;3;;CHI;;230;;98.93825;;99.14000000000001;;99.04275000000001;;99.04025000000001;;99.06125;;99.13575;;99.08425000000001;;98.144;;98.309;;109.49775;;109.99699999999999;;109.88325;;110.20125;;110.334;;110.29675;;110.32449999999999;;110.36175;;110.492;;101.00925000000001;;121.66175000000001;;136.608;;124.9315;;109.45625000000001;;108.77825
5/1/2006;;12;;1;;24;;3;;CBC;;115;;97.92349999999999;;98.056;;97.70775;;97.62625;;97.7005;;98.03275;;98.0975;;97.85625;;98.60825;;110.6405;;111.24175000000001;;111.0025;;111.03474999999999;;110.935;;110.819;;110.963;;110.9165;;111.22075;;101.79650000000001;;125.43950000000001;;142.27050000000003;;129.28000000000003;;111.55024999999999;;108.76175
5/1/2006;;12;;1;;17;;3;;VHE;;115;;97.79574999999998;;98.05625;;97.761;;97.717;;97.78199999999998;;98.04899999999999;;98.028;;97.59375;;98.17675;;109.997;;110.58675;;110.32475;;110.52199999999999;;110.51950000000001;;110.31275;;110.422;;110.43374999999999;;110.687;;101.26700000000001;;124.25125;;140.72674999999998;;128.06574999999998;;110.6935;;108.33924999999999
5/1/2006;;13;;3;;25;;3;;CAT;;69;;97.75875;;97.64725000000001;;97.18525;;97.04125;;97.104;;97.52875;;97.775;;97.92124999999999;;98.9755;;111.36475;;111.9845;;111.785;;111.54149999999998;;111.23475;;111.28125;;111.58525;;111.583;;111.84975;;102.35374999999999;;127.08375000000001;;144.48575;;130.94925;;112.644;;109.07300000000001
5/1/2006;;13;;3;;26;;3;;VIN;;69;;95.44624999999999;;95.24175;;94.759;;94.5915;;94.6705;;95.13974999999999;;95.53675000000001;;95.892;;96.95525;;109.0915;;109.63725;;109.4515;;109.2195;;108.82925;;108.9175;;109.238;;109.19375;;109.5445;;100.16650000000001;;125.031;;142.577;;129.02700000000002;;110.3105;;106.62125
5/1/2006;;14;;6;;27;;3;;KAR;;69;;100.59349999999999;;100.4545;;99.94600000000001;;99.744;;99.80175;;100.21974999999999;;100.54025;;100.661;;101.77300000000001;;114.613;;115.35125;;115.12825000000001;;114.7755;;114.56649999999999;;114.7175;;114.92625;;114.81725;;114.80575;;105.28824999999999;;128.17725;;143.85675;;131.21175;;116.24275;;112.43500000000002
5/1/2006;;14;;6;;28;;3;;DDI;;69;;100.66325;;100.582;;100.07600000000001;;99.88075;;99.946;;100.3755;;100.70275000000001;;100.77025;;101.83125;;114.62450000000001;;115.34675;;115.11425;;114.76374999999999;;114.5735;;114.736;;114.94924999999999;;114.8565;;114.87525;;105.41375000000001;;128.50225;;144.13725;;131.58350000000002;;116.30575;;112.542
5/1/2006;;14;;1;;29;;3;;OCU;;115;;99.25175;;99.0935;;98.59699999999998;;98.418;;98.47874999999999;;98.901;;99.19825;;99.37225;;100.47749999999999;;113.11975;;113.8075;;113.59375;;113.2615;;113.00625;;113.12475;;113.3825;;113.30575;;113.38024999999999;;103.82125;;127.96100000000001;;144.76899999999998;;131.58075;;114.55725;;110.85625
5/1/2006;;14;;6;;30;;3;;POT;;69;;100.54724999999999;;100.3705;;99.86225;;99.65325;;99.7065;;100.12025;;100.43575000000001;;100.58925;;101.736;;114.60374999999999;;115.356;;115.13775;;114.77775;;114.56174999999999;;114.70125;;114.91274999999999;;114.787;;114.759;;105.207;;128.88299999999998;;145.2565;;132.23575;;116.19875;;112.363
5/1/2006;;14;;6;;31;;3;;PUN;;69;;0.0;;0.0;;0.0;;0.0;;0.0;;0.0;;0.0;;0.0;;0.0;;0.0;;0.0;;0.0;;0.0;;0.0;;0.0;;0.0;;0.0;;0.0;;0.0;;0.0;;0.0;;0.0;;0.0;;0.0
5/1/2006;;14;;1;;32;;3;;SAC;;115;;97.8075;;97.82400000000001;;97.41725;;97.30825;;97.38;;97.75175;;97.912;;97.85625;;98.7455;;110.93975;;111.54825;;111.3275;;111.23;;111.03475;;110.99775000000001;;111.21375;;111.18599999999999;;111.46924999999999;;102.01225;;126.1455;;143.22975000000002;;129.9975;;112.024;;108.8665
5/1/2006;;15;;1;;33;;4;;CBC;;115;;97.92349999999999;;98.056;;97.70775;;97.62625;;97.7005;;98.03275;;98.0975;;97.85625;;98.60825;;110.6405;;111.24175000000001;;111.0025;;111.03474999999999;;110.935;;110.819;;110.963;;110.9165;;111.22075;;101.79650000000001;;125.43950000000001;;142.27050000000003;;129.28000000000003;;111.55024999999999;;108.76175
5/1/2006;;16;;3;;34;;4;;VIN;;115;;95.3695;;95.17225;;94.6915;;94.5265;;94.61025000000001;;95.077;;95.47149999999999;;95.82;;96.87849999999999;;108.994;;109.535;;109.3515;;109.12899999999999;;108.73875000000001;;108.80850000000001;;109.117;;109.07525000000001;;109.426;;100.05025;;124.84049999999999;;142.34275;;128.83425;;110.16675000000001;;106.50725
5/1/2006;;17;;3;;35;;4;;VIN;;69;;95.44624999999999;;95.24175;;94.759;;94.5915;;94.6705;;95.13974999999999;;95.53675000000001;;95.892;;96.95525;;109.0915;;109.63725;;109.4515;;109.2195;;108.82925;;108.9175;;109.238;;109.19375;;109.5445;;100.16650000000001;;125.031;;142.577;;129.02700000000002;;110.3105;;106.62125
6/1/2006;;1;;1;;1;;1;;CAR;;230;;102.81099999999999;;100.164;;100.164;;100.164;;100.164;;100.164;;100.164;;99.078;;106.77450000000002;;110.167;;110.826;;111.049;;111.272;;111.272;;111.541;;111.541;;111.272;;111.272;;109.897;;114.042;;169.52675;;152.28275000000002;;118.14224999999999;;109.962
6/1/2006;;2;;2;;2;;2;;VIN;;69;;98.237;;95.03524999999999;;94.7635;;94.62899999999999;;94.64049999999999;;95.02575000000002;;95.618;;95.98474999999999;;104.69175;;109.674;;110.638;;110.6795;;110.0735;;109.22149999999999;;109.59075;;109.96449999999999;;109.37700000000001;;109.0545;;107.67975;;117.49425;;179.38975;;158.94375;;120.84725;;108.2745
6/1/2006;;2;;2;;3;;2;;KEN;;115;;92.74125;;89.03524999999999;;88.32050000000001;;88.00225;;88.07425;;88.72;;89.80624999999999;;91.3085;;100.37775;;105.63425000000001;;106.672;;106.73500000000001;;105.48599999999999;;104.153;;104.72200000000001;;105.27449999999999;;104.61725000000001;;104.21575;;102.59299999999999;;114.7035;;177.53724999999997;;156.21075000000002;;116.72375;;102.911
6/1/2006;;2;;2;;4;;1;;KEN;;115;;92.74125;;89.03524999999999;;88.32050000000001;;88.00225;;88.07425;;88.72;;89.80624999999999;;91.3085;;100.37775;;105.63425000000001;;106.672;;106.73500000000001;;105.48599999999999;;104.153;;104.72200000000001;;105.27449999999999;;104.61725000000001;;104.21575;;102.59299999999999;;114.7035;;177.53724999999997;;156.21075000000002;;116.72375;;102.911
6/1/2006;;2;;3;;5;;1;;VIN;;69;;98.237;;95.03524999999999;;94.7635;;94.62899999999999;;94.64049999999999;;95.02575000000002;;95.618;;95.98474999999999;;104.69175;;109.674;;110.638;;110.6795;;110.0735;;109.22149999999999;;109.59075;;109.96449999999999;;109.37700000000001;;109.0545;;107.67975;;117.49425;;179.38975;;158.94375;;120.84725;;108.2745
6/1/2006;;2;;2;;6;;1;;KEN;;115;;92.74125;;89.03524999999999;;88.32050000000001;;88.00225;;88.07425;;88.72;;89.80624999999999;;91.3085;;100.37775;;105.63425000000001;;106.672;;106.73500000000001;;105.48599999999999;;104.153;;104.72200000000001;;105.27449999999999;;104.61725000000001;;104.21575;;102.59299999999999;;114.7035;;177.53724999999997;;156.21075000000002;;116.72375;;102.911
6/1/2006;;3;;1;;7;;1;;COR;;115;;97.86075;;95.929;;96.50475;;96.751;;96.75325;;96.86699999999999;;96.77199999999999;;95.37875;;102.8155;;107.18775000000001;;108.01425;;107.968;;108.43225000000001;;107.956;;107.47575;;107.54075;;107.21325;;107.36425000000001;;106.54925;;112.50725;;169.35725;;151.5325;;117.70100000000001;;106.73949999999999
6/1/2006;;3;;1;;8;;1;;SIS;;115;;98.11399999999999;;96.11699999999999;;96.614;;96.86725;;96.89500000000001;;96.98775;;96.9135;;95.511;;102.93875;;107.29899999999999;;108.12100000000001;;108.06774999999999;;108.61775;;108.14425;;107.66575;;107.803;;107.478;;107.62650000000001;;106.70975;;112.63000000000001;;169.5385;;151.72075;;117.803;;106.93925
6/1/2006;;4;;4;;9;;1;;ARJ;;69;;102.57650000000001;;99.57225;;99.56275;;99.49975;;99.54175000000001;;99.953;;100.3915;;100.39375;;109.182;;114.3435;;115.31175;;115.28649999999999;;114.7825;;114.02775;;114.5805;;114.90575;;114.23899999999999;;113.7425;;111.99875;;120.28074999999998;;180.154;;159.97925;;125.23775;;113.03175
6/1/2006;;4;;5;;10;;1;;GCH;;69;;106.368;;102.96199999999999;;102.83175;;102.7625;;102.75549999999998;;102.6135;;102.43525;;101.85425;;110.0435;;113.97925000000001;;114.54775000000001;;114.90775;;115.17500000000001;;115.48349999999999;;115.97149999999999;;115.87125;;115.71574999999999;;115.54625;;113.97925000000001;;117.68700000000001;;172.65425000000002;;155.87225;;122.182;;113.81200000000001
6/1/2006;;4;;6;;11;;1;;KAR;;69;;103.33574999999999;;100.0085;;99.81575000000001;;99.68125;;99.71800000000002;;100.17375;;100.763;;100.79575;;109.69049999999999;;115.20025;;116.39150000000001;;116.32625;;115.72049999999999;;114.86825;;115.39525;;115.66475;;115.03999999999999;;114.599;;113.41024999999999;;123.30125;;187.059;;165.75150000000002;;127.3435;;114.19975
