2006;;1;;1;;1;;1;;1;;1;;CAR;;230;;34.914;;34.914;;32.706;;26.082;;26.358;;26.22;;26.082;;26.22;;26.358;;26.496;;26.496;;26.634;;26.22;;26.22;;26.358;;26.358;;26.496;;26.358;;25.806;;37.536;;38.502;;38.64;;38.502;;28.152
2006;;1;;1;;2;;2;;2;;1;;KEN;;115;;-0.054;;-0.042;;-0.0375;;-0.0375;;-0.045;;-0.039;;-0.054;;-0.054;;-0.039;;-0.0375;;-0.036;;-0.0375;;-0.042;;-0.0525;;-0.054;;-0.0405;;-0.0375;;-0.0375;;-0.0375;;-0.045;;-0.045;;-0.054;;-0.054;;-0.0435
2006;;1;;1;;2;;3;;3;;2;;VIN;;69;;14.1235;;13.9555;;13.81325;;13.8245;;13.82575;;13.841;;13.853;;14.459;;14.456;;14.424;;14.42675;;14.4415;;14.44775;;14.46775;;14.46975;;14.4155;;14.484;;14.512;;15.36625;;15.48725;;15.413;;15.376;;13.17425;;12.55125
2006;;1;;1;;2;;2;;4;;2;;KEN;;115;;131.20225;;132.10725;;132.3845;;132.23625;;132.0155;;132.02175;;111.30475;;111.7545;;124.93525;;129.8065;;133.64175;;138.15825;;138.5605;;138.52875;;137.612;;135.764;;135.25225;;134.8715;;144.69025;;146.601;;146.75975;;146.77725;;146.826;;138.8215
2006;;1;;1;;3;;1;;5;;2;;COR;;115;;40.81125;;38.2055;;36.8595;;31.84725;;26.05325;;21.491;;15.18575;;13.5965;;9.7845;;9.987;;8.3835;;10.90975;;10.1345;;16.92225;;14.71475;;13.7535;;10.15175;;7.807;;12.67775;;43.61875;;50.121;;50.1735;;39.04075;;22.76625
2006;;1;;1;;3;;1;;6;;2;;SIS;;115;;68.90975;;68.74975;;57.8675;;42.98525;;40.185;;34.7645;;16.34175;;17.052;;16.952;;18.352;;24.853;;25.583;;29.1035;;20.67225;;17.952;;20.53225;;22.08275;;16.87175;;32.30375;;61.97825;;76.031;;66.46975;;56.748;;45.836
2006;;1;;1;;4;;4;;7;;1;;ARJ;;69;;-0.0765;;-0.0765;;-0.07525;;-0.0765;;-0.075;;-0.0765;;-0.0675;;-0.065;;-0.0615;;-0.0615;;-0.0585;;-0.06;;-0.0585;;-0.06;;-0.059;;-0.06;;-0.063;;-0.0555;;-0.06775;;-0.075;;-0.075;;-0.0765;;-0.0795;;-0.078
2006;;1;;1;;4;;5;;8;;1;;GCH;;69;;83.6155;;59.09;;38.44225;;27.7245;;13.6865;;13.143;;12.89375;;13.30475;;12.948;;13.309;;12.9895;;13.2895;;12.75925;;12.869;;12.76875;;13.038;;12.789;;12.6085;;23.9965;;48.91075;;51.12275;;49.54375;;49.0665;;36.07075
2006;;1;;1;;4;;6;;9;;1;;KAR;;69;;6.29875;;-0.043;;-0.0385;;-0.02575;;-0.0265;;-0.0225;;-0.023;;-0.016;;-0.018;;-0.024;;-0.018;;-0.018;;-0.012;;-0.006;;0.0;;0.0;;-0.006;;-0.024;;-0.012;;-0.01075;;-0.025;;-0.0235;;-0.0245;;-0.03
2006;;1;;1;;5;;6;;10;;2;;PUN;;69;;5.611;;5.125;;5.12375;;4.97725;;5.25775;;5.42;;5.31725;;5.214;;5.22125;;5.24;;4.96725;;4.94375;;4.98375;;4.91275;;4.964;;4.193;;4.33775;;9.82825;;12.3825;;16.47325;;16.21475;;14.87375;;9.3645;;4.746
2006;;1;;1;;6;;2;;11;;2;;KEN;;115;;69.9065;;69.6875;;69.4365;;69.24225;;69.1605;;69.17525;;62.3935;;60.7345;;64.94775;;68.38875;;71.5235;;72.186;;72.2135;;72.229;;71.653;;70.59425;;70.345;;70.11725;;75.39925;;76.5005;;76.7825;;76.7255;;76.574;;72.561
2006;;1;;1;;7;;1;;12;;2;;ARO;;115;;0.0;;0.0;;0.0;;0.0;;0.0;;0.0;;0.0;;0.0;;0.0;;0.0;;0.0;;0.0;;0.0;;0.0;;0.0;;0.0;;0.786;;6.06225;;6.419;;6.45275;;6.4405;;6.45625;;3.67025;;0.0
2006;;1;;1;;8;;1;;13;;1;;CAR;;230;;87.85925;;59.8375;;32.59225;;32.57325;;32.6305;;32.6595;;32.5635;;32.391;;32.372;;32.4005;;32.4005;;32.30475;;31.682;;31.653;;31.634;;31.701;;31.67225;;31.65325;;31.634;;69.55525;;81.448;;62.1185;;32.621;;32.6115
2006;;1;;1;;8;;1;;14;;1;;VHE;;115;;13.67225;;-0.2155;;-0.2155;;-0.2155;;-0.2155;;-0.2155;;-0.19375;;-0.19375;;-0.172;;-0.19375;;-0.172;;-0.19375;;-0.172;;-0.172;;-0.19375;;-0.172;;-0.19375;;-0.172;;-0.19375;;-0.172;;-0.19375;;-0.1505;;-0.129;;-0.172
2006;;1;;2;;1;;1;;1;;1;;CAR;;230;;26.91;;29.808;;26.634;;26.358;;26.772;;31.602;;34.776;;35.466;;29.67;;32.706;;36.57;;36.432;;36.57;;36.294;;36.432;;36.432;;36.156;;36.708;;65.688;;77.004;;77.28;;77.694;;76.452;;56.304
2006;;1;;2;;2;;2;;2;;1;;KEN;;115;;-0.0375;;-0.036;;-0.0375;;-0.042;;-0.0525;;-0.054;;-0.051;;-0.045;;-0.036;;-0.0375;;-0.0375;;-0.054;;-0.054;;-0.0465;;-0.0375;;-0.0375;;-0.0375;;-0.0375;;-0.039;;-0.0465;;-0.0555;;-0.051;;-0.0465;;-0.0375
2006;;1;;2;;2;;3;;3;;2;;VIN;;69;;13.566;;13.83225;;13.82625;;13.83725;;13.841;;13.85825;;13.865;;14.47875;;14.4565;;14.44225;;14.44825;;14.42175;;14.43025;;14.4515;;14.459;;14.47225;;14.47875;;14.46325;;15.3895;;15.4275;;15.377;;15.36525;;15.36875;;14.536
2006;;1;;2;;2;;2;;4;;2;;KEN;;115;;131.81225;;129.096;;123.683;;116.85775;;113.1175;;111.14625;;105.953;;114.7095;;125.63;;136.00725;;138.50825;;138.594;;138.816;;138.77425;;138.793;;138.659;;138.758;;138.419;;145.29325;;146.50725;;146.7255;;146.80425;;146.82175;;139.5885
2006;;1;;2;;3;;1;;5;;2;;COR;;115;;13.968;;13.838;;11.46875;;12.3125;;10.9875;;10.106;;8.72775;;8.63975;;9.752;;11.446;;19.5565;;23.77375;;24.69525;;19.1555;;7.0515;;7.66825;;9.88825;;12.402;;12.5595;;42.93875;;45.85625;;41.77775;;42.47975;;31.52425
2006;;1;;2;;3;;1;;6;;2;;SIS;;115;;19.442;;18.072;;15.131;;15.1015;;16.4115;;27.91375;;19.372;;24.552;;26.54225;;40.20425;;47.46525;;46.82525;;41.67425;;36.6635;;43.57475;;41.6545;;39.23375;;34.7235;;30.95325;;79.06175;;83.9325;;78.0815;;66.62925;;49.86675
2006;;1;;2;;4;;4;;7;;1;;ARJ;;69;;-0.07975;;-0.078;;-0.0795;;-0.081;;-0.0795;;-0.0795;;-0.07225;;-0.066;;-0.06475;;-0.06;;-0.0585;;-0.0615;;-0.063;;-0.0585;;-0.0585;;-0.0585;;-0.06025;;-0.0615;;-0.063;;-0.075;;-0.0765;;-0.0795;;-0.0795;;-0.0795
2006;;1;;2;;4;;5;;8;;1;;GCH;;69;;36.34175;;35.10625;;35.077;;35.166;;35.08675;;23.30625;;13.349;;17.1295;;32.9955;;34.4845;;36.139;;45.38475;;47.0635;;40.8635;;40.82925;;40.83925;;40.95825;;44.10825;;46.41725;;65.46875;;70.06875;;53.02;;36.24775;;34.59875
2006;;1;;2;;4;;6;;9;;1;;KAR;;69;;-0.02575;;-0.02575;;-0.02575;;-0.02575;;-0.0255;;-0.02775;;-0.0295;;-0.0105;;-0.018;;-0.018;;-0.018;;-0.012;;-0.03;;-0.012;;0.0;;-0.012;;-0.012;;0.0;;-0.006;;-0.02475;;-0.03;;-0.0245;;-0.0305;;-0.025
2006;;1;;2;;5;;6;;10;;2;;PUN;;69;;3.51225;;4.29275;;5.26575;;4.8005;;5.341;;5.397;;5.38575;;5.3105;;4.934;;4.2555;;4.61175;;4.4085;;4.43;;4.8055;;4.76125;;4.66225;;4.62725;;10.712;;15.18925;;16.3775;;15.78425;;15.37275;;10.44275;;4.93175
2006;;1;;2;;6;;2;;11;;2;;KEN;;115;;69.23375;;67.58075;;65.1225;;61.74075;;59.98575;;58.8935;;54.8745;;59.17425;;68.35175;;72.18075;;72.30525;;72.3585;;72.39975;;72.34925;;72.236;;72.1705;;72.1355;;72.13125;;75.8845;;76.28575;;76.78875;;76.822;;76.6775;;72.53175
2006;;1;;2;;7;;1;;12;;2;;ARO;;115;;0.0;;0.0;;0.0;;0.0;;0.0;;0.0;;0.0;;0.0;;0.0;;0.0;;0.0;;0.0;;0.0;;0.0;;0.0;;0.0;;0.30625;;3.59525;;0.0;;0.0;;5.18175;;6.56575;;6.56675;;2.47525
2006;;1;;2;;8;;1;;13;;1;;CAR;;230;;25.951;;-0.45975;;-0.43075;;-0.3925;;-0.40225;;-0.335;;-0.3735;;-0.316;;-0.402;;-0.25875;;-0.2395;;-0.29675;;-0.268;;-0.316;;-0.45;;-0.4885;;-0.498;;-0.3925;;-0.42125;;42.82725;;73.53225;;62.674;;15.6875;;-0.46925
2006;;1;;2;;8;;1;;14;;1;;VHE;;115;;-0.172;;-0.1505;;-0.172;;-0.1505;;-0.172;;-0.1505;;-0.172;;-0.1505;;-0.172;;-0.1505;;-0.1505;;-0.172;;-0.172;;-0.19375;;-0.172;;-0.172;;-0.172;;-0.19375;;-0.172;;-0.172;;-0.172;;-0.19375;;-0.172;;-0.19375
2006;;1;;3;;1;;1;;1;;1;;CAR;;230;;52.992;;63.756;;67.068;;64.308;;63.618;;63.48;;60.444;;52.716;;54.924;;64.584;;67.206;;67.068;;57.96;;52.992;;62.514;;67.206;;66.516;;57.408;;62.652;;77.142;;77.418;;77.556;;77.556;;64.584
2006;;1;;3;;2;;2;;2;;1;;KEN;;115;;-0.0375;;-0.0375;;-0.048;;-0.054;;-0.051;;-0.0375;;-0.036;;-0.036;;-0.039;;-0.045;;-0.054;;-0.0465;;-0.0375;;-0.0375;;-0.0375;;-0.0375;;-0.0375;;-0.039;;-0.0495;;-0.0555;;-0.0435;;-0.042;;-0.0375;;-0.0375
2006;;1;;3;;2;;3;;3;;2;;VIN;;69;;13.77225;;13.761;;13.784;;13.779;;13.7885;;13.79725;;13.80025;;14.37625;;14.4775;;14.4725;;14.4435;;14.41225;;14.4315;;14.48975;;14.49625;;14.4655;;14.4745;;14.4505;;15.43;;15.526;;15.42375;;15.403;;15.42675;;14.61475
2006;;1;;3;;2;;2;;4;;2;;KEN;;115;;132.2295;;129.95175;;121.092;;116.44725;;116.94575;;119.4635;;123.12625;;137.71525;;138.81675;;138.89325;;138.77775;;138.72875;;138.93725;;138.834;;138.68075;;138.98625;;138.9405;;138.8945;;145.83925;;146.4145;;146.77275;;146.83625;;146.88525;;138.9785
2006;;1;;3;;3;;1;;5;;2;;COR;;115;;17.9735;;10.627;;9.50675;;8.57575;;14.86875;;19.577;;18.42125;;30.8;;38.2435;;38.148;;38.07575;;38.00775;;36.7655;;32.7985;;37.3465;;38.57175;;43.6445;;45.9865;;35.93175;;46.5695;;49.45775;;46.92275;;39.866;;36.5405
2006;;1;;3;;3;;1;;6;;2;;SIS;;115;;27.52375;;23.533;;21.51275;;23.693;;19.82225;;18.862;;19.612;;33.08325;;60.77825;;62.6585;;63.2185;;65.51925;;50.73625;;57.7775;;69.72975;;66.15925;;58.63775;;60.598;;57.62775;;78.02175;;70.42;;65.379;;72.4805;;70.62
2006;;1;;3;;4;;4;;7;;1;;ARJ;;69;;-0.0765;;-0.0795;;-0.0795;;-0.0795;;-0.078;;-0.0795;;-0.0705;;-0.063;;-0.0645;;-0.05775;;-0.05775;;-0.05775;;-0.05925;;-0.058;;-0.05475;;-0.055;;-0.05525;;-0.05775;;-0.072;;-0.075;;-0.0795;;-0.078;;-0.0795;;-0.075
2006;;1;;3;;4;;5;;8;;1;;GCH;;69;;35.11275;;5.11725;;-0.50025;;-0.519;;-0.52875;;-0.525;;3.39125;;33.03125;;36.2865;;40.1735;;51.5035;;57.17325;;50.21375;;47.9705;;52.682;;66.38825;;65.081;;60.60075;;69.4115;;98.64375;;99.8375;;78.781;;54.05425;;35.1255
2006;;1;;3;;4;;6;;9;;1;;KAR;;69;;-0.02525;;-0.0255;;-0.025;;-0.02525;;-0.031;;-0.02125;;-0.0285;;-0.015;;-0.018;;-0.018;;-0.024;;-0.03;;-0.024;;-0.018;;-0.012;;-0.006;;-0.012;;-0.024;;-0.03;;-0.02675;;11.562;;1.74375;;-0.038;;-0.03825
2006;;1;;3;;5;;6;;10;;2;;PUN;;69;;3.6155;;4.247;;5.3545;;4.9125;;4.33825;;5.05125;;5.398;;5.2445;;4.9235;;4.66225;;4.35375;;4.3075;;4.382;;4.44925;;4.3475;;4.24625;;4.06425;;9.5845;;14.445;;16.5795;;16.48025;;16.5495;;10.90925;;5.8775
2006;;1;;3;;6;;2;;11;;2;;KEN;;115;;69.18475;;68.07925;;63.55875;;61.20775;;61.46875;;62.78325;;64.769;;71.88225;;72.17275;;72.2155;;72.25975;;72.26375;;72.3605;;72.22575;;72.189;;72.288;;72.2215;;72.227;;75.7735;;76.3795;;76.9685;;76.933;;76.743;;72.72025
2006;;1;;3;;7;;1;;12;;2;;ARO;;115;;0.0;;0.0;;0.0;;0.0;;0.0;;0.0;;0.0;;0.0;;0.0;;0.0;;0.0;;0.6265;;3.808;;3.80625;;3.7365;;3.754;;3.76;;3.76;;6.22675;;6.4125;;6.419;;6.424;;3.61675;;0.0
2006;;1;;3;;8;;1;;13;;1;;CAR;;230;;-0.402;;-0.3735;;-0.3925;;-0.43075;;-0.3925;;-0.3925;;-0.268;;-0.22025;;15.26575;;32.30475;;32.3045;;32.2855;;32.314;;32.295;;32.09375;;32.094;;32.06525;;31.749;;33.40675;;84.4955;;97.1075;;90.878;;35.17975;;-0.4215
2006;;1;;3;;8;;1;;14;;1;;VHE;;115;;-0.1505;;-0.1505;;-0.1505;;-0.1505;;-0.172;;-0.172;;-0.172;;-0.1505;;-0.1505;;-0.172;;-0.1075;;-0.1505;;-0.1505;;-0.172;;-0.1505;;-0.1505;;-0.172;;-0.172;;-0.172;;9.35275;;16.437;;7.085;;-0.19375;;-0.19375
2006;;1;;4;;1;;1;;1;;1;;CAR;;230;;54.234;;64.86;;67.896;;66.792;;66.24;;66.378;;66.378;;64.17;;72.588;;73.692;;73.692;;73.692;;73.278;;73.692;;73.416;;73.416;;73.416;;73.416;;76.59;;76.728;;76.728;;76.866;;76.59;;69.138
2006;;1;;4;;2;;2;;2;;1;;KEN;;115;;-0.0375;;-0.042;;-0.0525;;-0.0525;;-0.039;;-0.036;;-0.036;;-0.0375;;-0.0375;;-0.054;;-0.0525;;-0.0435;;-0.0375;;-0.036;;-0.036;;-0.0345;;-0.0375;;-0.051;;-0.057;;-0.0495;;-0.039;;-0.0405;;-0.039;;-0.0375
2006;;1;;4;;2;;3;;3;;2;;VIN;;69;;13.886;;13.85325;;13.83625;;13.84075;;13.844;;13.887;;13.86575;;14.25925;;14.39775;;14.36025;;14.36425;;14.36625;;14.37825;;14.415;;14.38875;;13.492;;12.5845;;12.611;;13.366;;13.3435;;13.2825;;13.261;;13.273;;12.59825
2006;;1;;4;;2;;2;;4;;2;;KEN;;115;;131.68425;;131.83425;;130.0235;;126.47525;;127.00975;;129.807;;131.2785;;137.966;;138.524;;138.8;;138.7415;;138.9915;;129.30075;;128.8055;;128.85375;;128.74725;;128.897;;138.02425;;145.93875;;146.36425;;146.567;;146.75325;;146.70825;;139.555
2006;;1;;4;;3;;1;;5;;2;;COR;;115;;23.12075;;16.36575;;7.9795;;5.693;;9.7395;;13.43875;;13.755;;22.9585;;37.712;;38.99725;;40.055;;40.09425;;39.8115;;39.6015;;39.6615;;40.15225;;51.49475;;49.26775;;40.96625;;50.72875;;52.11625;;45.37425;;44.0185;;45.3295
2006;;1;;4;;3;;1;;6;;2;;SIS;;115;;46.846;;38.56575;;37.61525;;39.7955;;35.69475;;35.1845;;36.95475;;59.58775;;69.23975;;70.65;;65.01875;;73.89075;;58.768;;60.628;;75.45075;;75.141;;67.2195;;61.42825;;58.4675;;84.65275;;76.61125;;66.33925;;69.28;;70.27
2006;;1;;4;;4;;4;;7;;1;;ARJ;;69;;-0.075;;-0.078;;-0.075;;-0.078;;-0.075;;-0.0765;;-0.066;;-0.0615;;-0.06475;;-0.063;;-0.0585;;-0.05975;;-0.058;;-0.058;;-0.05475;;-0.0565;;-0.0565;;-0.058;;-0.061;;-0.075;;-0.078;;-0.078;;-0.075;;-0.0795
2006;;1;;4;;4;;5;;8;;1;;GCH;;69;;35.44475;;7.38925;;-0.563;;-0.54075;;-0.54025;;-0.527;;1.05;;25.62875;;35.55025;;37.52275;;51.31725;;51.179;;48.15075;;47.223;;54.989;;70.84;;71.45225;;69.59025;;68.55225;;102.75275;;121.437;;99.4385;;69.571;;54.513
2006;;1;;4;;4;;6;;9;;1;;KAR;;69;;-0.021;;-0.027;;-0.027;;-0.0215;;-0.0265;;-0.0255;;-0.023;;-0.01575;;-0.006;;-0.012;;-0.018;;-0.03;;-0.024;;-0.024;;-0.006;;-0.024;;-0.00625;;-0.0115;;-0.006;;6.866;;12.208;;6.0695;;-0.03775;;-0.04375
2006;;1;;4;;5;;6;;10;;2;;PUN;;69;;5.22;;5.189;;5.19575;;4.03975;;4.799;;5.2275;;5.44225;;5.258;;4.8105;;5.02775;;4.95225;;4.9255;;4.56475;;4.5945;;4.55075;;4.616;;4.53625;;9.7235;;14.538;;16.452;;16.3585;;16.284;;11.1775;;4.42925
2006;;1;;4;;6;;2;;11;;2;;KEN;;115;;69.253;;68.95875;;68.01925;;66.21525;;66.44625;;67.90675;;68.549;;71.86;;72.11625;;72.227;;72.261;;72.32975;;72.42425;;72.29375;;72.229;;72.2575;;72.2245;;72.25875;;75.70725;;76.35;;76.79775;;76.83525;;76.62675;;72.5295
2006;;1;;4;;7;;1;;12;;2;;ARO;;115;;0.0;;0.0;;0.0;;0.0;;0.0;;0.0;;0.0;;0.0;;0.0;;0.0;;0.0;;0.0;;0.0;;0.521;;4.79425;;5.663;;5.70475;;5.74125;;6.5375;;6.53;;6.531;;6.5385;;6.54775;;2.1715
2006;;1;;4;;8;;1;;13;;1;;CAR;;230;;-0.43075;;-0.3925;;-0.3925;;-0.4695;;-0.364;;-0.383;;-0.38275;;-0.3925;;15.0265;;39.49225;;42.5395;;42.53975;;36.7995;;31.998;;37.2305;;44.53325;;44.5905;;41.8115;;38.5625;;89.23925;;95.3725;;95.93825;;59.3105;;-0.30675
2006;;1;;4;;8;;1;;14;;1;;VHE;;115;;-0.19375;;-0.19375;;-0.17225;;-0.172;;-0.172;;-0.172;;-0.17225;;-0.172;;-0.1505;;-0.1505;;-0.172;;-0.1505;;-0.1505;;-0.1505;;-0.172;;-0.1505;;-0.1505;;-0.1505;;-0.19375;;7.58125;;15.962;;13.43475;;-0.19375;;-0.172
2006;;1;;5;;1;;1;;1;;1;;CAR;;230;;54.234;;56.166;;57.546;;53.958;;53.82;;53.406;;53.958;;54.786;;66.93;;73.14;;73.554;;73.002;;72.726;;72.726;;72.312;;72.174;;72.312;;72.174;;71.76;;76.314;;76.176;;77.142;;76.728;;73.554
2006;;1;;5;;2;;2;;2;;1;;KEN;;115;;-0.0495;;-0.054;;-0.0465;;-0.0375;;-0.0375;;-0.0375;;-0.036;;-0.057;;-0.054;;-0.039;;-0.0405;;-0.039;;-0.039;;-0.036;;-0.039;;-0.0405;;-0.051;;-0.039;;-0.0375;;-0.039;;-0.0405;;-0.039;;-0.039;;-0.0375
2006;;1;;5;;2;;3;;3;;2;;VIN;;69;;13.77325;;13.84125;;13.84175;;13.8375;;13.85075;;13.87525;;13.85575;;14.5345;;14.442;;14.42575;;14.39325;;14.4035;;14.455;;14.51375;;14.47025;;14.47325;;14.4345;;14.47975;;15.3365;;15.445;;15.36575;;15.3455;;14.9055;;14.46225
2006;;1;;5;;2;;2;;4;;2;;KEN;;115;;133.60975;;132.0485;;132.0105;;132.0375;;132.12175;;131.8305;;131.8695;;137.824;;138.82075;;138.965;;139.13175;;138.9785;;139.12225;;138.89125;;138.70225;;138.84325;;138.276;;137.857;;144.10375;;146.1755;;146.28375;;145.63325;;144.8405;;138.72675
2006;;1;;5;;3;;1;;5;;2;;COR;;115;;35.54825;;26.657;;17.5015;;13.94375;;14.1355;;21.18925;;25.98275;;34.74475;;37.599;;39.6015;;39.8415;;39.84025;;39.56925;;36.5585;;37.786;;41.48475;;46.85375;;41.17075;;35.2895;;45.19;;47.4165;;49.99475;;50.08575;;46.5685
2006;;1;;5;;3;;1;;6;;2;;SIS;;115;;54.12725;;29.24425;;34.82525;;33.555;;34.075;;33.365;;43.36575;;63.4285;;74.401;;69.52975;;66.30925;;72.7105;;45.65575;;45.76725;;72.7805;;73.19025;;60.668;;55.387;;53.07675;;82.22225;;80.692;;67.9595;;70.73;;63.4785
2006;;1;;5;;4;;4;;7;;1;;ARJ;;69;;-0.0795;;-0.075;;-0.078;;-0.075;;-0.078;;-0.0795;;-0.06425;;-0.058;;-0.069;;-0.073;;-0.06975;;-0.07;;-0.07125;;-0.0685;;-0.07;;-0.06975;;-0.0715;;-0.07;;-0.07625;;7.475;;16.59975;;8.06375;;-0.0765;;-0.075
2006;;1;;5;;4;;5;;8;;1;;GCH;;69;;35.608;;23.51275;;13.65725;;13.584;;13.71375;;12.93425;;3.427;;31.6995;;41.06975;;64.22975;;68.871;;67.08075;;67.64725;;69.0565;;72.58325;;82.0055;;80.04975;;77.1735;;72.972;;106.049;;135.21975;;112.07;;71.908;;60.6535
2006;;1;;5;;4;;6;;9;;1;;KAR;;69;;-0.0205;;-0.027;;-0.0265;;-0.021;;-0.0265;;-0.0235;;-0.023;;-0.01;;-0.017;;-0.006;;-0.018;;-0.024;;-0.024;;-0.011;;0.0;;-0.012;;-0.028;;-0.01;;-0.012;;7.385;;11.9185;;10.31625;;-0.03825;;-0.04375
2006;;1;;5;;5;;6;;10;;2;;PUN;;69;;3.469;;4.26725;;5.3115;;5.37775;;5.296;;5.4825;;5.40975;;5.34;;4.92425;;3.96075;;4.01625;;4.34925;;4.4115;;4.49575;;4.46125;;4.525;;4.14525;;9.33975;;14.09275;;16.2345;;15.30625;;15.362;;8.651;;4.06175
2006;;1;;5;;6;;2;;11;;2;;KEN;;115;;69.357;;68.927;;68.8465;;68.81075;;68.78325;;68.84125;;68.80375;;71.7235;;72.134;;72.219;;72.237;;72.24675;;72.2995;;72.09575;;72.07275;;72.13;;72.1295;;72.20325;;75.09375;;76.1855;;76.812;;76.8875;;76.76275;;72.44175
2006;;1;;5;;7;;1;;12;;2;;ARO;;115;;0.0;;0.0;;0.0;;0.0;;0.0;;0.0;;3.27825;;4.72125;;4.715;;4.718;;4.915;;5.68425;;5.683;;5.67825;;5.6795;;5.6805;;5.684;;5.6955;;6.3985;;6.46975;;6.463;;6.476;;5.858;;3.7255
2006;;1;;5;;8;;1;;13;;1;;CAR;;230;;-0.43125;;-0.28725;;-0.26825;;-0.3255;;-0.45025;;-0.402;;-0.23925;;-0.27775;;23.09525;;34.3555;;40.53675;;40.4985;;31.63375;;30.944;;30.551;;33.81875;;33.83825;;33.848;;33.7805;;83.432;;93.8585;;95.3345;;71.2035;;9.1905
2006;;1;;5;;8;;1;;14;;1;;VHE;;115;;-0.172;;-0.19375;;-0.172;;-0.1505;;-0.1505;;-0.1505;;-0.1505;;-0.1505;;-0.1505;;-0.1505;;-0.1505;;-0.1505;;-0.129;;-0.1505;;-0.1505;;-0.1505;;-0.1505;;-0.1505;;-0.129;;-0.17225;;-0.1505;;-0.1505;;-0.129;;-0.1505
2006;;1;;6;;1;;1;;1;;1;;CAR;;230;;57.96;;35.052;;35.19;;35.052;;35.19;;34.224;;29.67;;55.752;;70.242;;73.416;;71.898;;72.174;;71.346;;71.622;;71.208;;71.208;;71.346;;71.346;;74.658;;63.756;;38.364;;43.056;;76.866;;73.692
2006;;1;;6;;2;;2;;2;;1;;KEN;;115;;-0.0525;;-0.054;;-0.042;;-0.036;;-0.036;;-0.036;;-0.039;;-0.054;;-0.0525;;-0.0375;;-0.036;;-0.0465;;-0.039;;-0.036;;-0.036;;-0.036;;-0.0525;;-0.036;;-0.039;;-0.039;;-0.0405;;-0.0405;;-0.0435;;-0.039
2006;;1;;6;;2;;3;;3;;2;;VIN;;69;;13.8985;;13.8915;;13.899;;13.87125;;13.852;;13.88325;;13.89025;;14.52075;;14.54775;;14.5185;;14.49675;;14.5;;13.1855;;12.64425;;12.63025;;12.63775;;12.617;;12.6195;;13.257;;13.44375;;13.3495;;13.31475;;13.376;;12.655
2006;;1;;6;;2;;2;;4;;2;;KEN;;115;;123.33425;;122.62775;;127.04775;;128.73;;128.84325;;128.80175;;131.575;;138.18025;;138.75175;;138.74525;;138.85775;;138.93875;;138.86525;;138.8455;;138.7295;;138.709;;138.84675;;138.76275;;145.2135;;146.50575;;146.75325;;146.73025;;146.805;;139.4285
2006;;1;;6;;3;;1;;5;;2;;COR;;115;;44.33475;;31.93275;;20.7505;;18.9695;;20.849;;20.6765;;26.2075;;35.3095;;40.06375;;39.97275;;39.951;;39.9415;;39.96475;;39.94975;;45.13275;;50.8995;;49.70825;;46.415;;36.1695;;48.07475;;53.34125;;49.91125;;37.17875;;42.49475
2006;;1;;6;;3;;1;;6;;2;;SIS;;115;;63.2385;;48.0755;;40.0945;;32.51325;;30.583;;34.99375;;40.52475;;65.289;;79.2415;;74.611;;74.16075;;78.2915;;56.48725;;59.328;;75.241;;69.74;;66.95925;;60.12775;;57.1675;;77.5615;;77.2315;;68.99975;;52.3365;;60.24775
2006;;1;;6;;4;;4;;7;;1;;ARJ;;69;;-0.074;;-0.072;;-0.072;;-0.075;;-0.072;;-0.07075;;-0.0615;;-0.05375;;-0.055;;-0.05375;;-0.05475;;-0.0535;;-0.05775;;-0.0535;;-0.05325;;-0.058;;-0.05375;;-0.05625;;-0.06575;;5.63325;;16.266;;16.30475;;1.89075;;-0.075
2006;;1;;6;;4;;5;;8;;1;;GCH;;69;;36.33425;;46.5585;;42.70875;;38.72975;;36.7705;;36.78025;;35.2725;;38.176;;65.17225;;72.195;;84.83225;;86.37325;;69.7155;;65.686;;73.205;;84.8145;;79.4095;;74.7965;;68.404;;121.8845;;184.5335;;155.3725;;97.44925;;68.53175
2006;;1;;6;;4;;6;;9;;1;;KAR;;69;;-0.03775;;-0.0265;;-0.0265;;-0.0205;;-0.0265;;-0.028;;-0.017;;-0.01175;;-0.012;;-0.018;;-0.03;;-0.024;;-0.012;;-0.006;;-0.006;;0.0;;0.0;;-0.018;;-0.017;;-0.03825;;-0.0375;;-0.03775;;-0.026;;-0.026
2006;;1;;6;;5;;6;;10;;2;;PUN;;69;;3.73725;;4.18875;;5.2265;;5.195;;5.26575;;5.27875;;5.341;;5.25525;;4.89675;;3.99775;;3.8555;;4.074;;4.25375;;4.1845;;4.13;;4.14425;;4.2485;;9.627;;13.92;;16.461;;16.189;;15.65875;;9.70375;;4.4305
2006;;1;;6;;6;;2;;11;;2;;KEN;;115;;69.2005;;68.97075;;68.86425;;68.78275;;68.7815;;68.83525;;68.763;;71.6;;71.712;;71.749;;71.7405;;71.72325;;71.7915;;71.67525;;71.613;;71.92375;;72.21375;;72.268;;75.9555;;77.53325;;76.82075;;76.8935;;76.81075;;72.573
2006;;1;;6;;7;;1;;12;;2;;ARO;;115;;0.0;;0.0;;0.0;;0.0;;0.0;;0.0;;0.0;;0.0;;0.0;;0.0;;0.0;;0.0;;0.0;;0.0;;3.28275;;5.71775;;5.82225;;6.17225;;6.52;;6.4965;;6.54975;;6.56;;6.56175;;1.9075
2006;;1;;6;;8;;1;;13;;1;;CAR;;230;;-0.4885;;-0.44025;;-0.41175;;-0.46;;-0.46;;-0.42125;;-0.29675;;-0.37325;;3.805;;41.217;;43.28725;;43.00925;;42.88475;;42.7315;;42.36725;;42.39625;;42.8655;;35.88925;;31.979;;84.371;;93.753;;93.86825;;88.185;;33.88575
2006;;1;;6;;8;;1;;14;;1;;VHE;;115;;-0.1075;;-0.1075;;-0.1075;;-0.1075;;-0.1075;;-0.1075;;-0.1075;;-0.129;;-0.129;;-0.1075;;-0.1075;;-0.1075;;-0.1075;;-0.1075;;-0.1075;;-0.129;;-0.1505;;-0.172;;-0.1505;;-0.1505;;-0.129;;-0.1505;;-0.1075;;-0.1075
2006;;1;;7;;1;;1;;1;;1;;CAR;;230;;70.38;;58.098;;53.82;;53.406;;53.268;;52.578;;29.256;;36.432;;36.57;;36.57;;36.57;;36.294;;35.604;;35.742;;35.742;;35.328;;35.466;;31.326;;30.222;;71.208;;75.072;;75.348;;75.486;;72.45
2006;;1;;7;;2;;2;;2;;1;;KEN;;115;;-0.039;;-0.0495;;-0.054;;-0.048;;-0.0375;;-0.0375;;-0.036;;-0.036;;-0.045;;-0.054;;-0.0405;;-0.039;;-0.0375;;-0.0375;;-0.036;;-0.0375;;-0.0375;;-0.0375;;-0.0405;;-0.0555;;-0.051;;-0.045;;-0.042;;-0.039
2006;;1;;7;;2;;3;;3;;2;;VIN;;69;;13.86075;;13.90025;;13.898;;13.87825;;13.86325;;13.88925;;13.89425;;14.46525;;14.5405;;14.4885;;14.5145;;14.50175;;14.524;;14.551;;14.5565;;14.5115;;14.52425;;14.51825;;15.31475;;15.5145;;15.45125;;15.43525;;15.44575;;14.55275
2006;;1;;7;;2;;2;;4;;2;;KEN;;115;;122.4505;;121.447;;123.43875;;131.9995;;132.01875;;132.0675;;131.99825;;137.95525;;138.65675;;138.522;;138.917;;139.0175;;138.9255;;138.68475;;138.7575;;138.6425;;138.811;;138.68825;;145.80725;;146.4385;;146.80825;;146.90175;;146.8385;;138.84425
2006;;1;;7;;3;;1;;5;;2;;COR;;115;;40.50175;;40.66;;29.729;;19.57175;;14.64075;;13.90525;;22.27875;;27.6985;;44.03625;;48.41025;;48.403;;48.265;;48.0785;;45.62725;;42.38175;;45.269;;46.01525;;43.66175;;36.63425;;47.546;;51.07675;;51.24825;;48.46975;;46.22
2006;;1;;7;;3;;1;;6;;2;;SIS;;115;;56.34775;;52.297;;43.9855;;33.26275;;33.8435;;33.36375;;32.93375;;49.86625;;58.58775;;79.922;;77.0315;;79.982;;60.518;;63.33875;;74.66075;;73.891;;65.719;;61.22825;;61.58825;;74.0005;;73.49075;;71.4305;;71.58025;;63.959
2006;;1;;7;;4;;4;;7;;1;;ARJ;;69;;-0.072;;-0.0705;;-0.0705;;-0.072;;-0.072;;-0.0705;;-0.063;;-0.05375;;-0.0555;;-0.0535;;-0.055;;-0.05325;;-0.0535;;-0.0565;;-0.05325;;-0.0565;;-0.0565;;-0.05475;;-0.06125;;8.4685;;16.128;;11.7975;;-0.0825;;-0.0765
2006;;1;;7;;4;;5;;8;;1;;GCH;;69;;58.8795;;34.20275;;34.299;;34.34475;;34.3255;;34.373;;34.63325;;41.44975;;45.29725;;86.87025;;110.439;;103.87775;;69.437;;59.3465;;56.181;;52.882;;52.0355;;51.217;;61.71725;;114.3255;;149.8985;;124.0165;;84.626;;67.87825
2006;;1;;7;;4;;6;;9;;1;;KAR;;69;;-0.027;;-0.027;;-0.0215;;-0.027;;-0.027;;-0.0255;;-0.03;;-0.024;;-0.012;;-0.024;;-0.018;;-0.012;;3.15525;;-0.036;;-0.042;;-0.018;;-0.0145;;-0.006;;0.0;;7.308;;11.967;;12.1585;;1.90625;;-0.04375
2006;;1;;7;;5;;6;;10;;2;;PUN;;69;;3.46075;;3.917;;5.2985;;5.2765;;5.22125;;5.197;;5.22975;;5.156;;4.83175;;3.97325;;3.93375;;4.00225;;4.07625;;3.98825;;4.0465;;4.0145;;4.146;;9.43125;;13.878;;16.4875;;16.404;;15.568;;11.0205;;4.80275
2006;;1;;7;;6;;2;;11;;2;;KEN;;115;;69.27825;;69.07675;;68.97275;;68.85;;68.7895;;68.80425;;68.73975;;71.66275;;71.94825;;36.665;;32.3735;;43.0245;;70.62825;;72.22775;;72.15375;;72.21225;;72.16575;;72.182;;76.10725;;76.22175;;76.81075;;76.807;;76.6715;;72.8065
2006;;1;;7;;7;;1;;12;;2;;ARO;;115;;0.0;;0.0;;0.0;;0.0;;0.0;;0.0;;0.0;;0.0;;0.0;;0.0;;0.0;;0.0;;0.0;;4.36125;;5.67025;;5.6685;;5.66925;;5.66675;;6.54425;;6.492;;6.47025;;6.47775;;5.6375;;0.0
2006;;1;;7;;8;;1;;13;;1;;CAR;;230;;-0.498;;-0.37325;;-0.35425;;-0.45025;;-0.4115;;-0.42125;;-0.316;;1.0735;;31.011;;43.0955;;43.80475;;43.5555;;41.9935;;35.09325;;30.273;;30.2345;;30.2635;;30.321;;30.5795;;41.03525;;46.81375;;47.456;;45.434;;14.59525
2006;;1;;7;;8;;1;;14;;1;;VHE;;115;;-0.1075;;-0.1075;;-0.1075;;-0.1075;;-0.1075;;-0.1075;;-0.1075;;-0.1075;;-0.1075;;-0.1075;;-0.1075;;-0.1075;;-0.1075;;-0.1075;;-0.1075;;-0.1505;;-0.1505;;-0.1505;;-0.1505;;-0.172;;-0.1505;;-0.1505;;-0.1075;;-0.1075
2006;;1;;8;;1;;1;;1;;1;;CAR;;230;;63.894;;52.854;;53.544;;53.406;;53.82;;52.992;;52.716;;52.026;;55.89;;57.27;;52.992;;52.854;;53.13;;53.406;;52.992;;53.13;;53.13;;52.992;;51.198;;71.76;;76.452;;76.314;;76.038;;65.688
2006;;1;;8;;2;;2;;2;;1;;KEN;;115;;-0.0375;;-0.036;;-0.039;;-0.054;;-0.054;;-0.0405;;-0.036;;-0.036;;-0.036;;-0.0375;;-0.0495;;-0.048;;-0.036;;-0.0375;;-0.0375;;-0.0375;;-0.036;;-0.036;;-0.036;;-0.036;;-0.039;;-0.0465;;-0.054;;-0.0465
2006;;1;;8;;2;;3;;3;;2;;VIN;;69;;13.89125;;13.90075;;13.89675;;13.90325;;13.9005;;13.858;;11.83275;;12.45675;;12.72375;;12.673;;12.66675;;12.631;;12.63725;;12.622;;12.64425;;12.61875;;12.6275;;12.6115;;13.21675;;13.537;;13.45;;13.416;;13.419;;12.7185
2006;;1;;8;;2;;2;;4;;2;;KEN;;115;;132.274;;131.72175;;131.707;;131.706;;131.73075;;131.20375;;130.1195;;136.2055;;138.23975;;138.3835;;138.334;;138.505;;138.41725;;138.29525;;137.47275;;138.2835;;138.332;;138.3365;;144.8365;;146.227;;146.85975;;146.7625;;146.70525;;139.6375
2006;;1;;8;;3;;1;;5;;2;;COR;;115;;34.65125;;32.27275;;24.88;;15.3475;;12.685;;12.6485;;3.48725;;0.0;;3.0565;;13.53725;;24.9675;;26.8595;;26.855;;26.83275;;26.65975;;23.2465;;20.041;;19.6835;;17.9085;;33.235;;48.578;;48.0625;;48.055;;48.041
2006;;1;;8;;3;;1;;6;;2;;SIS;;115;;54.92675;;47.43575;;31.7825;;28.023;;24.06325;;21.86275;;19.68225;;20.0825;;38.43525;;44.82575;;44.8255;;45.836;;33.84425;;24.24325;;25.48325;;29.664;;34.64375;;30.67325;;25.813;;63.40875;;82.22225;;81.14225;;67.8795;;54.25675
2006;;1;;8;;4;;4;;7;;1;;ARJ;;69;;-0.072;;-0.072;;-0.075;;-0.0735;;-0.072;;-0.0765;;-0.063;;-0.05475;;-0.055;;-0.05375;;-0.05325;;-0.05625;;-0.05475;;-0.05625;;-0.05325;;-0.0575;;-0.0555;;-0.05625;;-0.05625;;-0.0645;;-0.075;;-0.072;;-0.0725;;-0.075
2006;;1;;8;;4;;5;;8;;1;;GCH;;69;;53.85925;;35.56525;;34.34575;;34.34575;;34.636;;34.69075;;34.88375;;34.821;;33.406;;34.492;;35.0435;;33.823;;34.29675;;33.187;;33.336;;33.3675;;33.309;;33.3965;;42.5875;;73.50325;;93.878;;86.139;;67.8635;;39.48225
2006;;1;;8;;4;;6;;9;;1;;KAR;;69;;-0.026;;-0.0265;;-0.0205;;-0.0265;;-0.026;;-0.0215;;-0.03;;-0.006;;-0.012;;-0.011;;0.0;;-0.024;;-0.012;;-0.006;;0.0;;-0.0045;;-0.00475;;-0.01;;-0.00575;;5.315;;11.823;;0.12375;;-0.04375;;-0.03225
2006;;1;;8;;5;;6;;10;;2;;PUN;;69;;3.524;;3.8845;;5.2955;;5.33525;;5.28075;;5.1905;;5.1575;;5.259;;3.12125;;2.939;;2.9225;;3.072;;3.01575;;2.948;;2.94975;;3.52625;;3.9475;;9.36;;13.2835;;16.4245;;16.1825;;14.806;;9.41225;;4.93175
2006;;1;;8;;6;;2;;11;;2;;KEN;;115;;69.23125;;68.832;;68.75825;;68.4625;;66.76825;;67.46;;48.69725;;68.29475;;71.8775;;72.06575;;72.074;;72.0875;;72.14875;;72.143;;72.03;;72.04125;;72.03525;;72.05025;;75.993;;76.03475;;76.82925;;76.85875;;76.6675;;73.06975
2006;;1;;8;;7;;1;;12;;2;;ARO;;115;;0.0;;0.0;;0.0;;0.0;;0.0;;0.0;;0.0;;0.0;;0.0;;0.0;;0.0;;0.0;;0.0;;3.2985;;5.65725;;5.65625;;5.868;;6.06325;;6.40875;;6.4145;;6.41;;6.41425;;6.421;;4.16025
2006;;1;;8;;8;;1;;13;;1;;CAR;;230;;-0.45975;;-0.42125;;-0.4405;;-0.46925;;-0.4405;;-0.4405;;-0.3925;;-0.28725;;-0.44025;;-0.249;;-0.23;;-0.23;;-0.2585;;-0.249;;-0.2395;;-0.268;;-0.249;;-0.2395;;-0.2585;;35.1895;;48.03075;;48.2325;;19.56875;;-0.42125
2006;;1;;8;;8;;1;;14;;1;;VHE;;115;;-0.1075;;-0.1075;;-0.1075;;-0.1075;;-0.1075;;-0.1075;;-0.1075;;-0.1075;;-0.1075;;-0.1075;;-0.1075;;-0.1075;;-0.1075;;-0.1075;;-0.1075;;-0.1075;;-0.1075;;-0.1075;;-0.1075;;-0.1075;;-0.1075;;-0.1075;;-0.1075;;-0.1075
2006;;1;;9;;1;;1;;1;;1;;CAR;;230;;53.682;;54.234;;54.096;;54.096;;54.096;;54.096;;54.096;;68.724;;73.554;;73.692;;73.83;;73.554;;73.83;;72.312;;72.036;;72.726;;72.312;;72.45;;76.866;;76.866;;76.866;;76.59;;76.728;;73.278
2006;;1;;9;;2;;2;;2;;1;;KEN;;115;;-0.045;;-0.0465;;-0.045;;-0.045;;-0.0465;;-0.045;;-0.045;;-0.045;;-0.0465;;-0.0465;;-0.048;;-0.048;;-0.0435;;-0.0375;;-0.0375;;-0.0375;;-0.0375;;-0.0375;;-0.039;;-0.039;;-0.0405;;-0.0405;;-0.039;;-0.0375
2006;;1;;9;;2;;3;;3;;2;;VIN;;69;;12.19125;;12.17925;;12.18275;;12.17475;;12.1485;;10.5145;;11.9305;;12.58425;;12.761;;12.7225;;12.7095;;12.70425;;12.714;;12.749;;12.74475;;12.73325;;12.72675;;12.72925;;13.4875;;13.5325;;13.43675;;13.42275;;13.462;;12.81775
2006;;1;;9;;2;;2;;4;;2;;KEN;;115;;124.9275;;122.049;;123.11925;;131.814;;130.16275;;131.26625;;131.657;;137.233;;138.7895;;138.7125;;138.5785;;138.813;;138.96125;;138.56875;;138.14075;;118.45375;;135.87975;;132.76575;;144.6055;;146.4535;;146.94525;;147.09725;;131.43325;;116.245
2006;;1;;9;;3;;1;;5;;2;;COR;;115;;33.6655;;19.36975;;16.9935;;18.54475;;15.86125;;11.833;;20.93725;;41.52125;;43.27275;;44.596;;44.42775;;44.1155;;41.44275;;43.2655;;44.73225;;48.79175;;46.7525;;42.01925;;27.5345;;40.1335;;48.537;;48.175;;48.78625;;46.66425
2006;;1;;9;;3;;1;;6;;2;;SIS;;115;;43.34425;;29.67325;;34.2835;;22.08275;;25.3735;;37.9845;;37.08425;;60.528;;60.39775;;65.389;;65.079;;62.9785;;51.7565;;66.49925;;69.81975;;71.68025;;71.16;;65.22875;;45.10575;;69.60975;;79.23175;;69.8;;71.45;;60.50825
2006;;1;;9;;4;;4;;7;;1;;ARJ;;69;;-0.072;;-0.072;;-0.075;;-0.072;;-0.07225;;-0.075;;-0.06;;-0.0565;;-0.05525;;-0.05625;;-0.05525;;-0.0535;;-0.05475;;-0.0565;;-0.05475;;-0.0535;;-0.05675;;-0.05325;;-0.055;;4.57775;;10.36475;;-0.08725;;-0.072;;-0.075
2006;;1;;9;;4;;5;;8;;1;;GCH;;69;;35.513;;32.1795;;15.94175;;12.7215;;13.042;;13.176;;13.5835;;17.1265;;44.4695;;63.44175;;75.9395;;86.30725;;73.0025;;67.28775;;73.948;;89.831;;77.157;;76.6;;73.00375;;105.82675;;123.1035;;108.93025;;73.65325;;54.73075
2006;;1;;9;;4;;6;;9;;1;;KAR;;69;;-0.026;;-0.0205;;-0.027;;-0.0265;;-0.021;;-0.0245;;-0.024;;-0.018;;-0.006;;-0.0245;;-0.0255;;-0.019;;-0.027;;-0.0225;;-0.007;;-0.01125;;-0.0165;;-0.0055;;-0.01725;;8.07925;;11.92;;8.0385;;-0.04325;;-0.0435
2006;;1;;9;;5;;6;;10;;2;;PUN;;69;;3.53975;;3.27825;;3.99;;5.17125;;5.10475;;5.15325;;5.102;;4.7655;;4.34625;;3.76175;;3.6775;;3.503;;3.474;;3.81325;;3.7535;;3.53425;;3.57425;;8.60475;;13.7915;;16.34725;;15.462;;14.6575;;10.24925;;4.8615
2006;;1;;9;;6;;2;;11;;2;;KEN;;115;;69.34175;;64.8265;;60.44825;;56.2375;;58.17775;;61.60225;;64.09475;;65.30875;;65.6385;;65.6165;;65.5915;;65.58025;;53.42225;;52.123;;55.67375;;71.206;;67.79075;;67.84425;;75.49125;;75.98325;;76.697;;76.84375;;76.73525;;72.75625
2006;;1;;9;;7;;1;;12;;2;;ARO;;115;;0.0;;0.0;;0.0;;0.0;;0.0;;0.0;;0.0;;0.0;;0.0;;0.0;;0.0;;0.0;;3.35;;5.7095;;5.71125;;5.71975;;5.691;;5.66675;;6.4095;;6.4235;;6.42;;6.4235;;5.513;;0.0
2006;;1;;9;;8;;1;;13;;1;;CAR;;230;;-0.402;;-0.43075;;-0.42125;;-0.3735;;-0.383;;-0.3255;;-0.30625;;10.66625;;34.135;;44.006;;44.648;;44.62875;;42.87525;;32.38125;;44.02525;;44.4085;;36.023;;31.0875;;31.5475;;82.876;;97.16475;;97.43325;;70.5135;;33.72325
2006;;1;;9;;8;;1;;14;;1;;VHE;;115;;-0.1075;;-0.1075;;-0.1075;;-0.1075;;-0.1075;;-0.1075;;-0.1075;;-0.1075;;-0.1075;;-0.1075;;-0.1075;;-0.1075;;-0.1075;;-0.1075;;-0.1075;;-0.1075;;-0.1075;;-0.1075;;-0.1075;;-0.1075;;-0.1075;;-0.1075;;-0.1075;;-0.1075
2006;;1;;10;;1;;1;;1;;1;;CAR;;230;;70.104;;70.242;;70.104;;66.378;;57.684;;57.408;;58.236;;73.278;;73.692;;73.554;;73.692;;73.692;;73.14;;73.692;;73.416;;73.416;;73.692;;73.416;;77.28;;77.004;;76.866;;76.176;;76.59;;73.002
2006;;1;;10;;2;;2;;2;;1;;KEN;;115;;-0.0375;;-0.042;;-0.0555;;-0.0465;;-0.0375;;-0.0375;;-0.036;;-0.0375;;-0.0405;;-0.048;;-0.0465;;-0.039;;-0.039;;-0.036;;-0.036;;-0.036;;-0.036;;-0.0375;;-0.0375;;-0.0405;;-0.039;;-0.0465;;-0.057;;-0.045
2006;;1;;10;;2;;3;;3;;2;;VIN;;69;;12.048;;12.081;;12.0835;;12.08775;;12.078;;12.1175;;12.0915;;12.7145;;12.753;;12.7;;12.74275;;12.72125;;12.74425;;12.77;;12.752;;12.74225;;12.74675;;12.73575;;13.38775;;13.5445;;13.478;;13.4885;;13.487;;12.7445
2006;;1;;10;;2;;2;;4;;2;;KEN;;115;;111.6835;;111.0395;;110.12875;;121.204;;132.144;;132.166;;132.03725;;137.0995;;138.54625;;138.793;;138.6585;;138.8265;;138.9685;;138.55275;;138.9445;;138.9805;;138.914;;138.91;;145.49225;;146.29225;;146.92125;;147.097;;147.34125;;140.44525
2006;;1;;10;;3;;1;;5;;2;;COR;;115;;41.2665;;38.50775;;37.9935;;34.5855;;26.79525;;21.231;;33.538;;45.5145;;50.21975;;43.43575;;43.78975;;45.2445;;39.79925;;30.15975;;47.89275;;44.6495;;39.872;;37.204;;29.93625;;50.099;;51.8785;;48.7185;;42.13575;;45.1965
2006;;1;;10;;3;;1;;6;;2;;SIS;;115;;52.307;;61.969;;52.44725;;39.47525;;43.766;;58.77825;;55.487;;63.1085;;65.919;;63.01875;;64.169;;67.32925;;52.4665;;60.428;;62.9585;;66.85925;;69.6095;;62.8885;;60.96825;;76.60125;;71.81025;;70.00025;;66.21925;;70.27975
2006;;1;;10;;4;;4;;7;;1;;ARJ;;69;;-0.072;;-0.075;;-0.072;;-0.072;;-0.0705;;-0.0705;;-0.0585;;-0.055;;-0.054;;-0.05025;;-0.0565;;-0.05325;;-0.058;;-0.0535;;-0.05325;;-0.055;;-0.05525;;-0.055;;-0.069;;-0.0735;;-0.072;;-0.0765;;-0.08;;-0.0795
2006;;1;;10;;4;;5;;8;;1;;GCH;;69;;34.68575;;35.402;;34.686;;34.88725;;35.0475;;35.6515;;35.2425;;35.04775;;51.72325;;65.45225;;73.196;;91.24925;;69.37175;;69.33225;;68.7465;;68.54475;;66.031;;63.76725;;59.6515;;93.01575;;109.52725;;90.07025;;86.12075;;35.02375
2006;;1;;10;;4;;6;;9;;1;;KAR;;69;;-0.0255;;-0.0255;;-0.01975;;-0.02575;;-0.0255;;-0.0245;;-0.026;;-0.02;;-0.01625;;-0.01075;;-0.02325;;-0.01625;;-0.02325;;-0.01175;;-0.0005;;-0.00575;;-0.0115;;-0.006;;-0.00625;;2.883;;12.221;;4.91325;;-0.0425;;-0.0365
2006;;1;;10;;5;;6;;10;;2;;PUN;;69;;3.4605;;3.27975;;3.98375;;5.328;;5.269;;5.31625;;5.308;;5.44725;;4.349;;3.49075;;3.278;;3.4735;;3.329;;3.187;;3.29675;;3.32775;;3.28325;;8.51675;;13.85875;;16.23725;;16.1245;;14.5855;;9.46925;;4.59375
2006;;1;;10;;6;;2;;11;;2;;KEN;;115;;55.2835;;35.46175;;26.15625;;26.103;;26.09925;;26.068;;25.96275;;26.2525;;44.195;;72.177;;72.16125;;49.72125;;59.2435;;60.21625;;67.8685;;72.19825;;72.1255;;72.20575;;75.5765;;75.9775;;76.681;;76.78675;;76.6655;;72.46425
2006;;1;;10;;7;;1;;12;;2;;ARO;;115;;0.0;;0.0;;0.0;;0.0;;0.0;;0.0;;0.0;;0.0;;0.0;;0.0;;0.0;;0.0;;0.0;;0.0;;0.0;;3.529;;4.068;;4.7355;;6.49275;;6.42575;;6.432;;6.44175;;6.179;;0.0
2006;;1;;10;;8;;1;;13;;1;;CAR;;230;;26.66975;;-0.45;;-0.43075;;-0.364;;-0.402;;-0.4115;;-0.50775;;28.41375;;46.3445;;46.22925;;45.71175;;45.798;;39.339;;32.1705;;37.49875;;37.6425;;32.142;;32.142;;32.11325;;84.22725;;97.8835;;92.967;;43.6225;;15.62075
2006;;1;;10;;8;;1;;14;;1;;VHE;;115;;-0.1075;;-0.1075;;-0.1075;;-0.129;;-0.1075;;-0.1075;;-0.1075;;-0.1075;;-0.1075;;-0.1075;;-0.1075;;-0.1075;;-0.1075;;-0.1075;;-0.1075;;-0.1075;;-0.19375;;-0.17225;;-0.172;;7.603;;16.07;;12.8085;;-0.2155;;-0.19375
2006;;1;;11;;1;;1;;1;;1;;CAR;;230;;65.688;;65.55;;65.412;;65.55;;65.688;;65.688;;66.24;;73.692;;73.83;;73.968;;73.83;;73.968;;64.86;;58.236;;65.826;;73.554;;72.588;;58.65;;53.544;;77.142;;76.866;;76.314;;77.004;;73.416
2006;;1;;11;;2;;2;;2;;1;;KEN;;115;;-0.0375;;-0.0375;;-0.0375;;-0.0375;;-0.039;;-0.054;;-0.0525;;-0.0405;;-0.039;;-0.039;;-0.0405;;-0.0405;;-0.0405;;-0.0525;;-0.057;;-0.0435;;-0.042;;-0.042;;-0.0405;;-0.0405;;-0.0405;;-0.0465;;-0.0555;;-0.054
2006;;1;;11;;2;;3;;3;;2;;VIN;;69;;12.17825;;12.19775;;12.193;;12.187;;12.1875;;12.21725;;12.2005;;12.54425;;12.751;;12.72525;;12.71975;;12.71825;;12.741;;12.772;;12.74725;;12.74325;;12.73575;;12.7575;;13.51075;;13.52575;;13.50175;;13.464;;13.49525;;12.76425
2006;;1;;11;;2;;2;;4;;2;;KEN;;115;;131.18375;;130.4315;;130.9925;;131.86475;;131.95975;;131.86975;;131.8595;;137.64525;;138.838;;139.005;;139.17675;;139.06625;;139.1035;;138.89575;;139.06675;;139.05675;;138.97025;;139.00125;;145.2535;;146.6045;;146.993;;147.04275;;147.02;;139.53275
2006;;1;;11;;3;;1;;5;;2;;COR;;115;;37.3625;;41.7685;;31.394;;25.2285;;25.01725;;27.92325;;33.43125;;44.9545;;47.68525;;45.45525;;46.4955;;46.03225;;29.59175;;29.4025;;45.4355;;40.2285;;31.81775;;32.55725;;27.0265;;48.6545;;50.96925;;42.63;;46.64575;;44.09075
2006;;1;;11;;3;;1;;6;;2;;SIS;;115;;61.3185;;49.398;;42.91825;;40.458;;42.078;;50.2195;;56.691;;64.4325;;66.193;;66.2025;;63.702;;63.052;;54.87025;;56.4005;;61.87975;;58.40775;;54.737;;51.34625;;58.648;;82.6825;;75.811;;72.36025;;74.401;;60.4885
2006;;1;;11;;4;;4;;7;;1;;ARJ;;69;;-0.0795;;-0.0765;;-0.078;;-0.0795;;-0.08;;-0.078;;-0.069;;-0.063;;-0.06775;;-0.0645;;-0.0615;;-0.063;;-0.063;;-0.063;;-0.06;;-0.062;;-0.063;;-0.063;;-0.066;;-0.078;;-0.0795;;-0.075;;-0.081;;-0.0795
2006;;1;;11;;4;;5;;8;;1;;GCH;;69;;36.92025;;35.00025;;35.04525;;35.0985;;35.15625;;35.1385;;35.1875;;36.92775;;49.45675;;64.096;;62.80525;;62.29075;;49.57875;;46.99375;;50.021;;66.2075;;68.416;;69.024;;69.37525;;98.09875;;116.88475;;105.17575;;75.4595;;50.91875
2006;;1;;11;;4;;6;;9;;1;;KAR;;69;;-0.02525;;-0.025;;-0.02525;;-0.0255;;-0.02525;;-0.02275;;-0.027;;-0.01475;;-0.01575;;-0.0225;;-0.0265;;-0.023;;-0.02025;;-0.0215;;-0.01025;;-0.0215;;-0.01075;;-0.011;;-0.013;;6.1825;;12.072;;4.73275;;-0.0425;;-0.0365
2006;;1;;11;;5;;6;;10;;2;;PUN;;69;;3.26525;;3.222;;3.858;;5.27225;;5.3375;;5.21575;;5.20675;;5.363;;4.0465;;3.386;;3.1705;;3.13075;;3.2655;;3.1775;;3.242;;3.27525;;3.31475;;8.68125;;13.96375;;16.30175;;16.1275;;15.24275;;8.527;;4.2655
2006;;1;;11;;6;;2;;11;;2;;KEN;;115;;51.49025;;26.19575;;26.13925;;26.1145;;26.0855;;26.083;;25.959;;33.0505;;65.63525;;72.52375;;72.4385;;72.40575;;72.45125;;72.2115;;72.256;;72.26925;;72.19375;;72.26725;;75.9025;;76.36625;;76.804;;76.9355;;76.848;;73.037
2006;;1;;11;;7;;1;;12;;2;;ARO;;115;;0.0;;0.0;;0.0;;0.0;;0.0;;0.0;;0.0;;0.0;;0.0;;0.0;;0.0;;0.0;;0.0;;4.68325;;5.76;;6.00175;;5.99625;;6.0005;;6.44925;;6.44025;;6.4405;;6.45;;6.45;;6.121
2006;;1;;11;;8;;1;;13;;1;;CAR;;230;;-0.4115;;-0.383;;-0.41175;;-0.3925;;-0.3925;;-0.402;;-0.47875;;30.465;;44.19775;;56.20575;;70.312;;71.836;;67.533;;65.94225;;64.99375;;64.92625;;64.9265;;64.9645;;64.98425;;92.21025;;95.97625;;84.04525;;35.3045;;-0.42125
2006;;1;;11;;8;;1;;14;;1;;VHE;;115;;-0.19375;;-0.172;;-0.19375;;-0.1505;;-0.172;;-0.19375;;-0.172;;-0.1505;;-0.1505;;-0.1505;;-0.1505;;-0.1505;;-0.1505;;-0.1505;;-0.172;;-0.129;;-0.1505;;-0.172;;-0.172;;11.124;;16.718;;6.48;;-0.19375;;-0.2155
2006;;1;;12;;1;;1;;1;;1;;CAR;;230;;60.996;;53.406;;52.992;;53.13;;53.682;;53.406;;55.338;;73.83;;73.968;;73.83;;73.554;;73.692;;73.14;;73.692;;73.692;;73.83;;73.83;;73.554;;76.59;;77.004;;76.866;;77.004;;76.866;;74.244
2006;;1;;12;;2;;2;;2;;1;;KEN;;115;;-0.0405;;-0.0375;;-0.036;;-0.0375;;-0.039;;-0.0555;;-0.0525;;-0.048;;-0.0465;;-0.0405;;-0.0405;;-0.0405;;-0.057;;-0.051;;-0.036;;-0.036;;-0.0345;;-0.039;;-0.039;;-0.0405;;-0.0465;;-0.0585;;-0.0555;;-0.0405
2006;;1;;12;;2;;3;;3;;2;;VIN;;69;;12.219;;12.10375;;12.98725;;13.90525;;13.887;;13.90225;;13.887;;14.588;;14.61675;;14.6245;;14.61775;;14.6125;;14.632;;14.6175;;14.5905;;14.655;;14.6495;;14.6785;;15.4785;;15.511;;15.4325;;15.4345;;15.45025;;14.62175
2006;;1;;12;;2;;2;;4;;2;;KEN;;115;;124.96875;;122.2325;;122.534;;124.16925;;124.0505;;123.78375;;124.14125;;129.21075;;130.07225;;132.9445;;138.821;;138.9955;;139.16175;;138.81625;;138.857;;138.8715;;138.93825;;138.99675;;145.03875;;146.485;;146.86675;;147.01625;;146.88575;;140.0165
2006;;1;;12;;3;;1;;5;;2;;COR;;115;;36.84475;;22.26175;;19.199;;20.606;;22.862;;23.3115;;28.1955;;38.226;;46.281;;44.03125;;43.152;;43.40775;;24.44725;;26.8585;;46.016;;44.5875;;44.401;;44.4245;;42.4285;;47.89275;;47.0335;;40.33925;;33.95275;;26.56075
2006;;1;;12;;3;;1;;6;;2;;SIS;;115;;49.3365;;42.41525;;40.64475;;35.53425;;34.74525;;47.9275;;51.897;;52.9565;;66.2695;;69.75;;70.35;;70.3;;68.06975;;64.319;;64.469;;63.74875;;64.589;;64.959;;62.3185;;80.262;;75.181;;62.12825;;61.5985;;62.2685
2006;;1;;12;;4;;4;;7;;1;;ARJ;;69;;-0.081;;-0.081;;-0.0795;;-0.078;;-0.0795;;-0.078;;-0.06625;;-0.0675;;-0.063;;-0.063;;-0.063;;-0.0645;;-0.0645;;-0.0615;;-0.0615;;-0.063;;-0.063;;-0.06625;;-0.066;;-0.0765;;-0.075;;-0.078;;-0.078;;-0.0795
2006;;1;;12;;4;;5;;8;;1;;GCH;;69;;34.9905;;35.233;;25.1085;;17.9895;;17.7915;;15.113;;14.75425;;16.95825;;41.41525;;60.3325;;64.93275;;68.627;;49.507;;47.78375;;50.5655;;65.00325;;64.13575;;53.506;;55.51825;;103.0245;;121.1675;;92.31775;;64.7895;;49.349
2006;;1;;12;;4;;6;;9;;1;;KAR;;69;;-0.0295;;-0.025;;-0.02525;;-0.03125;;-0.02525;;-0.02625;;-0.0265;;-0.01;;-0.0115;;-0.0245;;-0.025;;-0.02;;-0.0255;;-0.0115;;-0.011;;-0.011;;-0.01625;;-0.01575;;-0.01575;;6.13225;;12.221;;11.15925;;-0.0425;;-0.0485
2006;;1;;12;;5;;6;;10;;2;;PUN;;69;;3.12125;;3.06975;;3.0895;;4.861;;3.7975;;3.6645;;4.17925;;4.42625;;3.9165;;3.215;;3.21825;;3.18;;3.13625;;3.37775;;3.3165;;3.22;;3.30375;;8.538;;13.884;;16.322;;16.19825;;15.524;;9.773;;4.47
2006;;1;;12;;6;;2;;11;;2;;KEN;;115;;69.3625;;69.07275;;68.9545;;68.8535;;68.80925;;68.80525;;68.80025;;72.005;;72.27825;;72.2035;;72.1805;;72.32925;;72.3825;;72.13575;;72.12275;;72.18375;;72.14675;;72.21975;;76.1355;;76.31375;;76.9;;76.954;;76.719;;72.5295
2006;;1;;12;;7;;1;;12;;2;;ARO;;115;;5.783;;0.52275;;0.0;;0.0;;0.0;;0.0;;0.0;;0.0;;0.0;;0.0;;0.0;;0.364;;5.701;;5.68525;;5.6795;;5.9765;;6.058;;6.056;;6.41175;;6.43125;;6.434;;6.433;;6.436;;5.1405
2006;;1;;12;;8;;1;;13;;1;;CAR;;230;;-0.4115;;-0.3925;;-0.3925;;-0.4115;;-0.3925;;-0.3925;;-0.35425;;26.4205;;36.6655;;45.9325;;45.9515;;46.325;;38.03575;;32.592;;40.01;;45.46275;;44.993;;44.9835;;54.81625;;96.52275;;97.2795;;97.27975;;74.845;;22.07025
2006;;1;;12;;8;;1;;14;;1;;VHE;;115;;-0.19375;;-0.172;;-0.19375;;-0.1505;;-0.1505;;-0.1505;;-0.1505;;-0.172;;-0.1505;;-0.1505;;-0.1505;;-0.1505;;-0.1505;;-0.1505;;-0.1505;;-0.1505;;-0.1505;;-0.1505;;-0.172;;10.77825;;16.761;;15.59475;;-0.19375;;-0.172
2006;;1;;13;;1;;1;;1;;1;;CAR;;230;;70.518;;70.242;;69.552;;70.104;;70.242;;61.134;;57.27;;71.208;;73.554;;73.83;;73.968;;74.106;;69.414;;63.204;;73.83;;73.968;;74.106;;73.83;;77.556;;77.556;;77.004;;76.866;;76.866;;73.278
2006;;1;;13;;2;;2;;2;;1;;KEN;;115;;-0.0375;;-0.0375;;-0.0375;;-0.039;;-0.0615;;-0.0555;;-0.042;;-0.036;;-0.039;;-0.039;;-0.0405;;-0.0495;;-0.054;;-0.0405;;-0.039;;-0.042;;-0.0405;;-0.042;;-0.0405;;-0.0585;;-0.0585;;-0.063;;-0.042;;-0.0375
2006;;1;;13;;2;;3;;3;;2;;VIN;;69;;13.91225;;13.90925;;13.90425;;13.899;;13.8995;;13.93475;;13.933;;14.61225;;14.62275;;14.56275;;14.55775;;14.611;;14.583;;14.608;;14.59175;;14.59925;;14.5985;;14.58425;;15.35725;;15.39525;;15.34825;;15.30075;;15.34075;;14.512
2006;;1;;13;;2;;2;;4;;2;;KEN;;115;;131.39125;;130.44875;;130.7775;;132.107;;132.17275;;131.9775;;131.87025;;137.87475;;138.77575;;138.5905;;138.7975;;139.01575;;139.2485;;139.03825;;139.02575;;139.099;;139.04175;;138.97175;;145.36425;;146.6135;;146.992;;146.88675;;146.86175;;139.51
2006;;1;;13;;3;;1;;5;;2;;COR;;115;;19.69075;;15.49375;;15.44875;;13.93675;;14.915;;15.53375;;20.607;;46.36775;;43.87825;;48.24075;;46.38525;;49.41725;;31.53325;;33.80625;;26.33175;;29.30475;;30.247;;34.227;;30.328;;35.228;;38.19;;20.9675;;22.18325;;21.15925
2006;;1;;13;;3;;1;;6;;2;;SIS;;115;;65.239;;37.565;;27.4835;;28.624;;28.664;;46.50675;;61.42825;;69.02975;;71.01;;70.89;;71.04;;71.69025;;71.21;;84.7525;;85.04275;;71.42;;64.96875;;64.24875;;59.88775;;84.11275;;85.613;;84.663;;83.1025;;66.66925
2006;;1;;13;;4;;4;;7;;1;;ARJ;;69;;-0.075;;-0.0795;;-0.0765;;-0.075;;-0.078;;-0.075;;-0.072;;-0.06325;;-0.0615;;-0.06;;-0.0615;;-0.0585;;-0.06;;-0.0585;;-0.0615;;-0.063;;-0.12425;;-0.10475;;-0.072;;-0.0735;;-0.0795;;-0.0755;;-0.078;;-0.075
2006;;1;;13;;4;;5;;8;;1;;GCH;;69;;34.9035;;34.9745;;26.01825;;16.258;;14.454;;14.708;;13.259;;16.91825;;41.53025;;55.1555;;63.41575;;65.69825;;49.17575;;47.77375;;50.47125;;48.38575;;47.9595;;48.03525;;52.42375;;95.44875;;104.88425;;92.8495;;74.987;;35.11025
2006;;1;;13;;4;;6;;9;;1;;KAR;;69;;-0.03125;;-0.0245;;-0.02525;;-0.02475;;-0.03125;;-0.027;;-0.026;;-0.019;;-0.025;;-0.0245;;-0.0175;;-0.03;;-0.02;;-0.02325;;-0.0115;;-0.0115;;-0.01575;;-0.01525;;-0.01575;;7.282;;11.543;;-0.0415;;-0.042;;-0.0295
2006;;1;;13;;5;;6;;10;;2;;PUN;;69;;3.0965;;3.0265;;4.4975;;5.0595;;5.11975;;5.04;;5.2805;;5.19475;;4.754;;4.2365;;4.31525;;4.488;;4.71325;;4.3635;;4.1505;;4.2735;;4.187;;9.49325;;14.044;;16.39825;;16.34475;;16.358;;11.9565;;6.44625
2006;;1;;13;;6;;2;;11;;2;;KEN;;115;;69.209;;68.97625;;68.89575;;68.83575;;68.7965;;68.7615;;68.7515;;71.9905;;72.15825;;72.22;;72.25175;;72.26775;;72.399;;72.2845;;72.18525;;72.27125;;72.22725;;72.3405;;76.29525;;76.41775;;76.93;;76.99375;;76.86425;;72.60075
2006;;1;;13;;7;;1;;12;;2;;ARO;;115;;0.0;;0.0;;0.0;;0.0;;0.0;;0.0;;0.0;;0.0;;0.0;;0.0;;0.0;;0.0;;3.10725;;6.025;;6.03175;;6.03425;;6.03775;;4.4955;;6.4705;;6.465;;6.466;;6.47125;;6.474;;4.84275
2006;;1;;13;;8;;1;;13;;1;;CAR;;230;;-0.45025;;-0.43075;;-0.36375;;-0.40225;;-0.402;;-0.40225;;-0.34475;;8.002;;35.3715;;45.6925;;46.2485;;46.67;;40.7285;;33.67525;;53.80975;;78.142;;78.1515;;78.075;;83.05825;;98.1135;;98.1425;;93.59;;40.33575;;33.0905
2006;;1;;13;;8;;1;;14;;1;;VHE;;115;;-0.19375;;-0.19375;;-0.172;;-0.172;;-0.1505;;-0.172;;-0.172;;-0.172;;-0.172;;-0.1505;;-0.129;;-0.1505;;-0.172;;-0.1505;;-0.1505;;-0.1505;;-0.1505;;-0.172;;-0.172;;14.126;;16.8475;;9.46075;;-0.19375;;-0.172
2006;;1;;14;;1;;1;;1;;1;;CAR;;230;;70.104;;67.758;;59.34;;54.234;;53.268;;53.13;;53.406;;61.686;;73.83;;73.968;;74.106;;74.244;;73.554;;73.692;;73.83;;74.244;;74.244;;73.416;;76.59;;77.418;;77.28;;77.142;;77.28;;73.416
2006;;1;;14;;2;;2;;2;;1;;KEN;;115;;-0.0375;;-0.0375;;-0.054;;-0.054;;-0.051;;-0.0375;;-0.036;;-0.036;;-0.042;;-0.0645;;-0.0555;;-0.0405;;-0.0375;;-0.0375;;-0.039;;-0.0375;;-0.039;;-0.054;;-0.054;;-0.0465;;-0.0405;;-0.042;;-0.039;;-0.039
2006;;1;;14;;2;;3;;3;;2;;VIN;;69;;13.88775;;13.88125;;13.8985;;13.8885;;13.8785;;13.90575;;13.91925;;14.54725;;14.5895;;14.53175;;14.552;;14.5225;;14.53575;;14.57875;;14.58025;;14.5885;;14.576;;14.5645;;15.5025;;15.53975;;15.47175;;15.43175;;15.46575;;14.62775
2006;;1;;14;;2;;2;;4;;2;;KEN;;115;;132.718;;132.19675;;132.25375;;132.246;;132.126;;131.918;;132.299;;137.68075;;118.351;;117.0315;;117.004;;117.081;;120.00275;;130.93425;;138.76175;;138.89975;;138.8595;;138.8305;;145.09675;;146.5235;;146.75425;;146.9585;;146.827;;139.10225
2006;;1;;14;;3;;1;;5;;2;;COR;;115;;17.963;;14.1265;;14.85225;;13.263;;11.00725;;10.8555;;10.855;;13.795;;25.90925;;31.724;;37.1565;;36.9065;;25.126;;30.21725;;35.8175;;39.56425;;40.47825;;37.20825;;39.50625;;47.04675;;43.9875;;38.58;;33.211;;28.07425
2006;;1;;14;;3;;1;;6;;2;;SIS;;115;;53.61725;;33.61475;;35.82525;;41.366;;42.73625;;54.69775;;48.5755;;66.73925;;85.0825;;80.022;;87.08375;;87.673;;85.673;;84.42275;;77.7515;;77.8115;;86.17275;;87.313;;67.22925;;81.08225;;71.86;;71.1;;71.24;;73.53075
2006;;1;;14;;4;;4;;7;;1;;ARJ;;69;;-0.0795;;-0.078;;-0.075;;-0.07675;;-0.075;;-0.078;;-0.0705;;-0.063;;-0.06175;;-0.0615;;-0.0615;;-0.0615;;-0.063;;-0.0615;;-0.057;;-0.0615;;-0.0605;;-0.0645;;-0.0615;;-0.078;;-0.0735;;-0.078;;-0.0795;;-0.075
2006;;1;;14;;4;;5;;8;;1;;GCH;;69;;41.72075;;37.57025;;27.08425;;17.93475;;18.0375;;14.32175;;13.44225;;15.2505;;30.7515;;35.0395;;34.9775;;37.426;;34.5075;;37.716;;33.8295;;33.855;;33.72525;;34.81625;;52.364;;87.5885;;103.0095;;82.75275;;70.6145;;58.0855
2006;;1;;14;;4;;6;;9;;1;;KAR;;69;;-0.024;;-0.0245;;-0.025;;-0.025;;-0.025;;-0.02575;;-0.025;;-0.01425;;-0.012;;-0.0115;;-0.0205;;-0.01675;;-0.0105;;-0.0075;;-0.0185;;-0.01725;;-0.01325;;-0.011;;-0.01425;;2.382;;10.37275;;-0.042;;-0.042;;-0.03
2006;;1;;14;;5;;6;;10;;2;;PUN;;69;;5.0145;;4.92425;;4.02;;4.83075;;4.6695;;5.102;;5.03275;;4.9645;;5.03675;;4.77225;;4.79525;;4.31525;;4.25325;;4.1945;;3.83525;;3.07;;2.54125;;9.70825;;14.017;;16.5115;;16.41825;;16.417;;8.7165;;2.92775
2006;;1;;14;;6;;2;;11;;2;;KEN;;115;;69.2905;;68.951;;68.87125;;68.7425;;68.7265;;68.722;;68.76975;;71.8465;;71.94425;;72.078;;72.17975;;72.30725;;72.3785;;72.3615;;72.24175;;72.31425;;72.31225;;72.41175;;76.2325;;76.53625;;76.94675;;76.9755;;76.83325;;72.571
2006;;1;;14;;7;;1;;12;;2;;ARO;;115;;0.0;;0.0;;0.0;;0.0;;0.0;;0.0;;0.0;;0.0;;0.0;;3.0865;;4.754;;4.75575;;5.80475;;6.07175;;6.07625;;6.07725;;6.0745;;6.07925;;6.448;;6.435;;6.434;;6.444;;6.448;;6.09025
2006;;1;;14;;8;;1;;13;;1;;CAR;;230;;3.0955;;-0.402;;-0.3735;;-0.3735;;-0.364;;-0.36375;;-0.3925;;-0.22975;;14.9595;;46.56475;;46.325;;46.1335;;32.66925;;-0.4405;;-0.45025;;-0.35425;;-0.402;;-0.3925;;0.3355;;77.174;;97.36575;;93.16875;;42.492;;-0.4405
2006;;1;;14;;8;;1;;14;;1;;VHE;;115;;-0.19375;;-0.2155;;-0.2155;;-0.1505;;-0.129;;-0.172;;-0.1505;;-0.1505;;-0.1505;;-0.172;;-0.1505;;-0.1505;;-0.1505;;-0.1505;;-0.1505;;-0.1505;;-0.1505;;-0.172;;-0.1075;;-0.1505;;-0.1505;;-0.172;;-0.1505;;-0.129
2006;;1;;15;;1;;1;;1;;1;;CAR;;230;;65.826;;70.242;;70.104;;70.518;;71.07;;69.966;;65.274;;64.722;;73.554;;73.83;;73.278;;73.416;;73.554;;73.692;;73.692;;73.692;;73.692;;73.002;;73.968;;76.728;;76.728;;76.59;;76.59;;73.002
2006;;1;;15;;2;;2;;2;;1;;KEN;;115;;-0.048;;-0.0555;;-0.054;;-0.0585;;-0.042;;-0.0375;;-0.036;;-0.0405;;-0.054;;-0.054;;-0.048;;-0.0375;;-0.036;;-0.0375;;-0.0375;;-0.0525;;-0.0645;;-0.0525;;-0.0375;;-0.0405;;-0.039;;-0.0405;;-0.057;;-0.0555
2006;;1;;15;;2;;3;;3;;2;;VIN;;69;;13.88425;;13.8735;;13.8835;;13.87225;;13.873;;13.874;;13.88425;;14.632;;14.6325;;14.6295;;14.51725;;14.46475;;14.45725;;14.5035;;14.52075;;14.46425;;14.53725;;14.52075;;15.489;;15.50125;;15.45;;15.4265;;15.413;;14.502
2006;;1;;15;;2;;2;;4;;2;;KEN;;115;;132.2145;;132.19325;;132.203;;132.13975;;132.0635;;131.85625;;130.963;;136.98275;;138.60175;;138.859;;138.6185;;138.455;;138.593;;138.61425;;138.86325;;138.68475;;138.6175;;138.76925;;145.66325;;142.67675;;133.9975;;134.147;;133.90525;;126.87
2006;;1;;15;;3;;1;;5;;2;;COR;;115;;17.593;;16.47125;;16.65325;;24.26175;;26.15525;;26.93725;;25.0455;;20.60275;;19.0245;;27.5775;;31.47275;;32.12175;;30.81275;;27.28675;;25.6195;;26.25825;;27.4885;;31.82225;;33.107;;39.61725;;29.78175;;39.38125;;22.50625;;29.8775
2006;;1;;15;;3;;1;;6;;2;;SIS;;115;;70.39025;;66.37025;;72.1205;;68.4095;;65.879;;65.02875;;50.67675;;47.65625;;61.74875;;67.9295;;68.33975;;73.1205;;65.55925;;69.01975;;75.46125;;78.0115;;77.181;;66.6395;;72.2705;;86.273;;79.662;;79.032;;77.97175;;72.8605
2006;;1;;15;;4;;4;;7;;1;;ARJ;;69;;-0.078;;-0.0765;;-0.078;;-0.0795;;-0.081;;-0.078;;-0.06775;;-0.066;;-0.058;;-0.05625;;-0.0565;;-0.05625;;-0.057;;-0.056;;-0.05625;;-0.05475;;-0.05325;;-0.05775;;-0.06475;;5.179;;7.6735;;-0.0795;;-0.072;;-0.072
2006;;1;;15;;4;;5;;8;;1;;GCH;;69;;36.22175;;35.199;;35.19325;;21.9675;;13.2105;;13.59575;;2.2895;;-0.555;;-0.48575;;6.55025;;12.5295;;12.365;;12.02575;;12.68825;;12.79775;;12.79025;;12.51975;;13.44975;;28.64;;114.69025;;116.94825;;110.8155;;77.88225;;34.5925
2006;;1;;15;;4;;6;;9;;1;;KAR;;69;;-0.024;;-0.02525;;-0.025;;-0.0305;;-0.02425;;-0.027;;-0.00625;;-0.0195;;-0.0115;;-0.00625;;-0.0065;;-0.00125;;-0.012;;-0.0065;;-0.00625;;-0.0115;;-0.01575;;-0.02025;;-0.01625;;4.34925;;9.432;;6.485;;-0.043;;-0.0375
2006;;1;;15;;5;;6;;10;;2;;PUN;;69;;2.03725;;2.386;;4.258;;4.57275;;4.9655;;4.9835;;4.99025;;4.9485;;4.6245;;3.951;;3.78475;;3.764;;3.9165;;3.84825;;3.63275;;2.773;;2.85925;;9.0975;;13.95125;;16.5575;;16.52225;;12.926;;9.7175;;4.403
2006;;1;;15;;6;;2;;11;;2;;KEN;;115;;64.7015;;31.012;;4.961;;0.456;;0.17725;;0.17825;;0.17725;;0.18275;;0.1925;;0.1915;;0.14875;;-0.03325;;0.0;;0.0;;0.0;;0.0;;0.0;;0.0;;0.0;;0.0;;0.0;;0.0;;0.0;;0.0
2006;;1;;15;;7;;1;;12;;2;;ARO;;115;;5.75775;;5.75025;;2.50225;;0.0;;0.0;;0.0;;0.0;;0.0;;0.0;;0.0;;5.7265;;6.07475;;6.082;;6.082;;6.09775;;6.122;;6.119;;6.13225;;6.55475;;6.561;;6.562;;6.569;;6.56925;;6.12675
2006;;1;;15;;8;;1;;13;;1;;CAR;;230;;-0.421;;-0.383;;-0.383;;-0.42125;;-0.3735;;-0.383;;8.95075;;32.24725;;37.3455;;41.0445;;38.58175;;38.7445;;37.633;;31.6915;;31.66275;;31.6435;;31.65325;;31.6435;;31.653;;55.8415;;95.67925;;95.70775;;95.9095;;69.6415
2006;;1;;15;;8;;1;;14;;1;;VHE;;115;;-0.129;;-0.1075;;-0.129;;-0.129;;-0.1075;;-0.129;;-0.1075;;-0.1075;;-0.1075;;-0.172;;-0.129;;-0.1505;;-0.1505;;-0.1075;;-0.1075;;-0.1075;;-0.129;;-0.129;;-0.1505;;13.82375;;34.927;;16.545;;4.06075;;-0.2155
2006;;1;;16;;1;;1;;1;;1;;CAR;;230;;69.966;;69.966;;69.966;;69.966;;70.104;;69.966;;69.966;;73.554;;73.554;;73.554;;73.554;;73.554;;73.278;;73.83;;73.968;;73.416;;73.554;;73.002;;76.176;;76.176;;76.728;;76.866;;77.004;;73.554
2006;;1;;16;;2;;2;;2;;1;;KEN;;115;;-0.0465;;-0.0375;;-0.039;;-0.0375;;-0.0375;;-0.048;;-0.0675;;-0.054;;-0.045;;-0.0405;;-0.039;;-0.039;;-0.0405;;-0.0465;;-0.057;;-0.0465;;-0.0405;;-0.042;;-0.0405;;-0.0405;;-0.048;;-0.0585;;-0.06;;-0.0495
2006;;1;;16;;2;;3;;3;;2;;VIN;;69;;9.47025;;9.3245;;12.97275;;13.89075;;13.8935;;13.90275;;13.91525;;14.51125;;14.5175;;14.5145;;14.51275;;14.49925;;14.5185;;14.57325;;14.54075;;14.559;;14.558;;14.5655;;15.48925;;15.49825;;15.4445;;15.40725;;15.44425;;14.5385
2006;;1;;16;;2;;2;;4;;2;;KEN;;115;;121.8655;;121.54625;;120.871;;120.796;;120.656;;120.7915;;120.516;;126.16775;;126.7255;;126.84225;;126.7845;;126.74075;;126.9595;;126.66075;;126.66925;;126.7005;;126.7825;;138.02775;;146.55425;;146.46525;;146.5485;;146.6;;146.42075;;139.4815
2006;;1;;16;;3;;1;;5;;2;;COR;;115;;28.7135;;18.73975;;15.94625;;13.699;;11.306;;12.9365;;23.512;;29.5195;;37.11575;;41.64875;;36.375;;38.942;;34.88625;;24.55775;;31.74;;44.16675;;31.43275;;24.808;;30.6505;;45.609;;37.704;;36.03725;;36.8885;;36.559
2006;;1;;16;;3;;1;;6;;2;;SIS;;115;;59.89875;;38.08525;;46.726;;39.57475;;39.7245;;51.82625;;53.327;;72.5105;;85.03275;;87.673;;85.58275;;84.62275;;55.457;;60.078;;87.62375;;88.014;;87.8435;;78.89175;;79.4515;;87.483;;87.493;;83.3325;;70.96025;;67.9695
2006;;1;;16;;4;;4;;7;;1;;ARJ;;69;;-0.0765;;-0.0765;;-0.0735;;-0.0765;;-0.0765;;-0.0735;;-0.066;;-0.05825;;-0.05475;;-0.05475;;-0.055;;-0.055;;-0.05775;;-0.0565;;-0.05475;;-0.05525;;-0.11275;;-0.0595;;-0.11225;;15.9145;;16.971;;14.5055;;-0.0915;;-0.0765
2006;;1;;16;;4;;5;;8;;1;;GCH;;69;;33.64175;;34.9925;;14.34675;;14.51675;;14.98725;;14.37425;;14.39275;;22.361;;55.359;;61.65575;;63.4245;;67.2215;;61.53325;;61.663;;63.816;;71.75375;;84.624;;85.7145;;88.24725;;122.60575;;136.5135;;125.06725;;91.05725;;52.0285
2006;;1;;16;;4;;6;;9;;1;;KAR;;69;;-0.025;;-0.03125;;-0.025;;-0.031;;-0.02525;;-0.0265;;-0.026;;-0.0115;;-0.012;;2.69675;;11.3015;;11.395;;11.44;;11.3015;;11.15475;;11.07675;;8.62375;;8.761;;9.3125;;12.438;;12.616;;12.856;;2.746;;-0.04325
2006;;1;;16;;5;;6;;10;;2;;PUN;;69;;2.898;;2.85325;;3.46;;4.38175;;4.64675;;4.95925;;4.9965;;4.605;;2.64025;;2.65575;;2.22;;2.22125;;2.18825;;2.1265;;2.18525;;2.15375;;2.06275;;1.39475;;5.80925;;6.4145;;6.40175;;5.86925;;5.8315;;3.34925
2006;;1;;16;;6;;2;;11;;2;;KEN;;115;;0.0;;0.0;;0.0;;0.0;;0.0;;0.0;;0.0;;0.0;;0.0;;0.0;;0.0;;-0.00075;;-0.00775;;-0.008;;-0.008;;-0.00725;;-0.0075;;-0.00875;;-0.011;;-0.01175;;-0.01175;;-0.00975;;-0.008;;-0.008
2006;;1;;16;;7;;1;;12;;2;;ARO;;115;;5.8605;;2.0615;;0.0;;0.0;;0.0;;0.0;;0.0;;0.0;;0.0;;2.34725;;5.896;;6.06775;;6.07525;;6.0735;;6.068;;6.067;;6.16125;;6.1695;;6.543;;6.5415;;6.53775;;6.54125;;6.53825;;6.1465
2006;;1;;16;;8;;1;;13;;1;;CAR;;230;;32.90825;;32.43875;;32.46775;;32.4775;;32.4965;;32.458;;43.49825;;86.441;;91.98025;;91.99925;;92.05675;;92.4305;;92.40175;;91.95125;;88.83675;;89.53625;;89.5175;;89.479;;94.606;;95.47825;;97.2795;;97.3085;;96.63775;;69.07575
2006;;1;;16;;8;;1;;14;;1;;VHE;;115;;-0.2155;;-0.2155;;-0.2155;;-0.19375;;-0.19375;;-0.172;;-0.172;;-0.17225;;-0.19375;;13.02425;;15.357;;15.0115;;14.86025;;15.055;;15.78925;;15.746;;15.40025;;15.5085;;16.24275;;55.317;;65.08025;;32.81025;;9.20125;;-0.2155
2006;;1;;17;;1;;1;;1;;1;;CAR;;230;;70.242;;69.966;;70.794;;70.38;;69.69;;69.69;;69.828;;73.968;;73.278;;73.554;;73.416;;73.554;;73.14;;73.416;;73.278;;73.416;;73.278;;73.002;;76.314;;78.522;;76.59;;76.866;;77.004;;73.14
2006;;1;;17;;2;;2;;2;;1;;KEN;;115;;-0.039;;-0.039;;-0.039;;-0.0375;;-0.051;;-0.054;;-0.0525;;-0.0405;;-0.0405;;-0.039;;-0.051;;-0.042;;-0.054;;-0.0495;;-0.039;;-0.0405;;-0.0405;;-0.039;;-0.042;;6.856;;9.0215;;-0.1015;;-0.06175;;-0.042
2006;;1;;17;;2;;3;;3;;2;;VIN;;69;;13.91175;;13.868;;13.8785;;13.88;;13.85675;;13.88475;;13.83325;;14.35025;;14.52625;;14.49425;;14.51475;;14.48775;;14.494;;14.55025;;14.57075;;14.53725;;14.5545;;14.559;;15.494;;15.49425;;15.43675;;15.3885;;15.4025;;14.50275
2006;;1;;17;;2;;2;;4;;2;;KEN;;115;;133.24075;;132.06775;;132.1175;;132.103;;132.03025;;131.98175;;131.90125;;138.33325;;138.91775;;138.937;;138.87925;;138.73775;;138.9565;;138.765;;138.9505;;138.9105;;138.93025;;138.851;;146.31325;;146.44575;;146.57675;;146.84125;;146.79925;;138.7925
2006;;1;;17;;3;;1;;5;;2;;COR;;115;;33.92525;;23.09675;;15.75;;15.26375;;14.832;;14.31;;23.52925;;46.15375;;47.14975;;45.8395;;46.12875;;46.01775;;33.636;;28.1075;;39.97425;;45.63875;;44.99775;;41.10975;;39.45675;;50.94725;;46.64925;;46.0465;;34.4125;;31.6205
2006;;1;;17;;3;;1;;6;;2;;SIS;;115;;71.63;;49.357;;39.18525;;36.645;;35.845;;48.09675;;51.097;;76.83125;;81.35225;;80.58225;;83.7125;;79.372;;53.31675;;61.70825;;74.821;;81.8225;;72.5405;;73.2605;;64.19875;;84.4725;;70.28975;;72.7905;;74.71075;;75.431
2006;;1;;17;;4;;4;;7;;1;;ARJ;;69;;-0.045;;-0.045;;-0.045;;-0.045;;-0.045;;-0.045;;-0.036;;-0.0315;;-0.033;;-0.0345;;-0.0345;;-0.0345;;-0.033;;-0.0345;;-0.033;;-0.03325;;-0.033;;-0.0375;;1.406;;16.9165;;16.8725;;16.895;;5.1755;;-0.0465
2006;;1;;17;;4;;5;;8;;1;;GCH;;69;;35.149;;35.1705;;35.179;;35.2005;;35.25125;;35.335;;35.9555;;35.52875;;46.3685;;63.95;;71.962;;84.184;;82.56225;;74.289;;78.04725;;82.486;;86.66025;;87.60625;;91.77475;;146.9595;;173.95325;;146.136;;113.01075;;48.6425
2006;;1;;17;;4;;6;;9;;1;;KAR;;69;;-0.037;;-0.03075;;-0.025;;-0.031;;-0.031;;-0.0275;;-0.026;;-0.012;;-0.01525;;0.44525;;-0.0415;;-0.0355;;-0.029;;-0.0245;;-0.02425;;-0.0245;;-0.02275;;-0.012;;-0.01575;;-0.0185;;-0.0295;;-0.03;;-0.0235;;-0.03
2006;;1;;17;;5;;6;;10;;2;;PUN;;69;;2.8275;;2.85725;;3.29475;;3.3615;;3.321;;3.2245;;3.16225;;3.1855;;3.14;;3.17325;;3.0505;;3.009;;3.02475;;2.93475;;2.872;;2.793;;3.0135;;3.03975;;5.95975;;6.674;;6.5405;;5.15675;;4.97275;;3.4405
2006;;1;;17;;6;;2;;11;;2;;KEN;;115;;-0.00625;;-0.006;;-0.006;;-0.006;;-0.006;;-0.00725;;-0.00825;;-0.007;;-0.00675;;-0.05675;;-0.06025;;-0.06075;;-0.0585;;-0.06025;;-0.05925;;-0.0595;;-0.03125;;-0.00575;;-0.00775;;-0.011;;-0.011;;-0.0105;;-0.007;;-0.006
2006;;1;;17;;7;;1;;12;;2;;ARO;;115;;5.854;;5.875;;4.931;;0.0;;0.0;;0.0;;0.0;;0.0;;0.0;;3.037;;5.75975;;5.74775;;5.74475;;5.7765;;6.05775;;6.0585;;6.05675;;6.05875;;6.47425;;6.4715;;6.408;;6.2585;;1.45275;;0.0
2006;;1;;17;;8;;1;;13;;1;;CAR;;230;;33.83825;;32.7075;;32.7075;;32.68825;;32.66875;;32.66875;;32.7075;;46.78525;;88.4245;;90.60975;;89.21075;;88.607;;88.07;;88.01275;;87.04475;;86.489;;86.527;;87.47575;;88.5015;;96.54175;;95.32475;;95.33425;;97.09775;;88.5205
2006;;1;;17;;8;;1;;14;;1;;VHE;;115;;-0.2155;;-0.2155;;-0.23725;;-0.2155;;-0.172;;-0.19375;;-0.19375;;-0.172;;3.26175;;15.8105;;15.59475;;15.09825;;14.94675;;14.83875;;14.83875;;14.6875;;15.1415;;15.16275;;15.70275;;37.13;;65.685;;50.80275;;12.83;;-0.2155
2006;;1;;18;;1;;1;;1;;1;;CAR;;230;;70.38;;70.104;;61.272;;60.306;;60.168;;65.55;;69.966;;73.14;;73.554;;76.59;;73.278;;73.554;;74.106;;73.692;;73.416;;73.554;;73.554;;73.278;;76.59;;77.142;;77.28;;76.866;;77.004;;73.14
2006;;1;;18;;2;;2;;2;;1;;KEN;;115;;-0.0375;;-0.0375;;-0.0375;;-0.0375;;-0.0375;;-0.0375;;-0.0375;;-0.045;;-0.0555;;-0.0465;;-0.039;;-0.039;;-0.0405;;-0.039;;-0.057;;-0.057;;-0.0465;;-0.0405;;-0.0405;;9.10975;;14.3325;;-0.106;;-0.06925;;-0.0435
2006;;1;;18;;2;;3;;3;;2;;VIN;;69;;13.88825;;13.89225;;13.88625;;13.886;;13.858;;13.89225;;13.8985;;14.4935;;14.512;;14.48375;;14.4875;;14.477;;14.483;;14.5165;;14.53175;;14.49725;;14.5125;;14.53;;15.31475;;15.346;;15.31225;;15.2775;;15.31775;;14.55825
2006;;1;;18;;2;;2;;4;;2;;KEN;;115;;133.5775;;132.34025;;132.36925;;132.358;;132.31325;;132.26575;;132.15225;;137.495;;138.6955;;140.7615;;138.8865;;138.984;;139.02175;;138.966;;138.9045;;139.08375;;139.22075;;138.952;;145.8795;;146.97225;;146.78675;;146.83025;;146.6755;;140.811
2006;;1;;18;;3;;1;;5;;2;;COR;;115;;37.15925;;37.996;;35.2825;;35.47425;;41.0385;;44.484;;46.62175;;49.6325;;48.059;;48.33125;;45.7245;;45.37975;;39.32125;;39.06925;;43.668;;45.66625;;42.12875;;41.61625;;42.5025;;50.9245;;46.34825;;44.1915;;42.13075;;38.569
2006;;1;;18;;3;;1;;6;;2;;SIS;;115;;77.7815;;70.25975;;66.91925;;75.641;;76.4515;;81.56225;;80.012;;72.61025;;80.102;;74.8405;;69.05975;;78.93175;;50.94625;;58.0475;;84.0525;;69.56975;;68.3995;;71.54;;71.6;;78.3915;;80.182;;72.31025;;69.56975;;72.7005
2006;;1;;18;;4;;4;;7;;1;;ARJ;;69;;-0.0465;;-0.045;;-0.0465;;-0.0465;;-0.0465;;-0.045;;-0.0405;;-0.0345;;-0.0345;;8.9135;;15.83;;15.70925;;15.63275;;14.38775;;10.3875;;4.884;;-0.0345;;-0.0345;;-0.042;;15.4995;;17.44625;;17.368;;3.40025;;-0.048
2006;;1;;18;;4;;5;;8;;1;;GCH;;69;;37.5735;;37.29825;;36.348;;18.48225;;13.7525;;13.57825;;16.53275;;28.36925;;59.541;;101.8375;;116.9585;;116.71775;;114.70025;;106.18775;;100.92875;;112.5645;;97.89625;;96.8765;;87.37675;;141.573;;153.33125;;129.702;;94.23225;;55.21575
2006;;1;;18;;4;;6;;9;;1;;KAR;;69;;-0.02475;;-0.03125;;-0.02525;;-0.02475;;-0.025;;-0.031;;-0.02675;;-0.025;;-0.023;;-0.021;;-0.026;;-0.0215;;-0.0225;;-0.022;;-0.027;;-0.0235;;-0.0205;;-0.0265;;-0.0105;;-0.02525;;-0.0295;;4.4585;;7.632;;0.64175
2006;;1;;18;;5;;6;;10;;2;;PUN;;69;;1.3725;;1.84;;2.4705;;2.548;;3.06375;;3.101;;3.31075;;3.407;;3.51775;;3.456;;3.48975;;3.5285;;3.52575;;3.21025;;2.71975;;2.4835;;2.473;;2.326;;6.06925;;6.632;;6.49825;;6.40475;;6.427;;4.60675
2006;;1;;18;;6;;2;;11;;2;;KEN;;115;;-0.006;;-0.006;;-0.006;;-0.006;;-0.006;;-0.00675;;-0.0085;;-0.00575;;-0.006;;-0.006;;-0.05975;;-0.06;;-0.059;;-0.06075;;-0.0605;;-0.06025;;-0.05875;;-0.00575;;-0.0075;;-0.01075;;-0.011;;-0.00875;;-0.0065;;-0.006
2006;;1;;18;;7;;1;;12;;2;;ARO;;115;;0.0;;0.0;;0.0;;0.0;;0.0;;0.0;;0.0;;0.0;;0.0;;0.0;;1.53125;;3.788;;3.79;;4.2565;;5.43675;;5.67875;;5.8295;;6.04825;;6.419;;6.41725;;6.41725;;6.42375;;6.41075;;6.00925
2006;;1;;18;;8;;1;;13;;1;;CAR;;230;;27.245;;-0.46;;-0.43075;;-0.3925;;-0.383;;-0.383;;13.196;;75.267;;90.78225;;55.91825;;46.02825;;46.0185;;46.21025;;45.41475;;45.3765;;69.469;;90.12075;;90.14025;;95.06625;;95.478;;95.3535;;96.93475;;97.3085;;75.77475
2006;;1;;18;;8;;1;;14;;1;;VHE;;115;;-0.2155;;-0.2155;;-0.2155;;-0.2155;;-0.19375;;-0.19375;;-0.172;;-0.19375;;6.89025;;22.269;;31.44925;;31.49275;;27.99325;;27.086;;27.086;;20.54125;;15.53;;15.72425;;15.6165;;50.21975;;67.21875;;58.363;;16.26425;;-0.151
2006;;1;;19;;1;;1;;1;;1;;CAR;;230;;70.38;;70.38;;70.38;;66.24;;61.686;;61.272;;68.172;;73.278;;73.14;;73.14;;73.416;;73.416;;73.278;;73.002;;73.83;;73.002;;73.83;;73.002;;76.314;;77.142;;76.866;;76.452;;76.59;;72.45
2006;;1;;19;;2;;2;;2;;1;;KEN;;115;;-0.0375;;-0.0375;;-0.0375;;-0.0375;;-0.036;;-0.0375;;-0.036;;-0.039;;-0.039;;-0.0405;;-0.0435;;-0.051;;-0.039;;-0.039;;-0.039;;-0.0405;;-0.0405;;-0.0405;;-0.051;;-0.0555;;-0.039;;-0.039;;-0.0405;;-0.0405
2006;;1;;19;;2;;3;;3;;2;;VIN;;69;;13.92125;;13.85525;;13.89425;;13.86275;;13.86325;;13.8925;;13.87825;;14.18525;;14.52475;;14.52325;;14.49125;;14.49975;;14.51325;;14.567;;14.57875;;14.529;;14.532;;14.541;;15.3795;;15.39725;;15.33;;15.309;;15.33325;;14.51
2006;;1;;19;;2;;2;;4;;2;;KEN;;115;;132.67275;;132.2565;;132.1495;;132.01175;;131.97475;;132.09325;;132.08325;;137.54275;;138.65825;;138.6395;;138.65975;;138.83375;;139.04525;;138.71775;;138.725;;138.655;;138.927;;138.29725;;143.9145;;145.84875;;145.93675;;146.20975;;146.2335;;138.79025
2006;;1;;19;;3;;1;;5;;2;;COR;;115;;39.37175;;39.20575;;39.21375;;39.42725;;37.171;;36.102;;37.236;;42.49525;;44.76275;;43.6875;;44.8165;;44.991;;38.129;;35.073;;40.14475;;47.8485;;50.60975;;40.91625;;44.1025;;48.49675;;46.81875;;42.84125;;41.863;;36.90775
2006;;1;;19;;3;;1;;6;;2;;SIS;;115;;75.821;;74.5505;;62.62875;;57.7575;;60.838;;72.0205;;66.28925;;72.17025;;81.13225;;74.70075;;75.091;;78.2815;;59.82775;;66.8195;;84.89275;;79.902;;65.569;;73.3105;;65.139;;78.28125;;75.84075;;73.35075;;63.02875;;77.2015
2006;;1;;19;;4;;4;;7;;1;;ARJ;;69;;-0.048;;-0.0465;;-0.048;;-0.0465;;-0.0465;;-0.048;;-0.039;;-0.0345;;-0.03625;;-0.0345;;-0.033;;-0.033;;-0.0345;;-0.033;;-0.033;;-0.033;;-0.0345;;-0.0345;;-0.036;;12.706;;16.4585;;16.48725;;2.37475;;-0.048
2006;;1;;19;;4;;5;;8;;1;;GCH;;69;;41.9655;;42.674;;34.93625;;35.02575;;35.258;;35.239;;35.5875;;35.51;;54.49275;;81.80275;;85.356;;85.30975;;74.993;;68.588;;74.496;;92.52025;;92.636;;81.62475;;71.0705;;132.35825;;159.173;;135.08;;108.99425;;55.06775
2006;;1;;19;;4;;6;;9;;1;;KAR;;69;;-0.0485;;-0.03;;-0.03;;-0.0245;;-0.0305;;-0.02525;;-0.0255;;-0.01975;;-0.024;;3.37975;;0.40775;;-0.036;;-0.0275;;-0.0115;;-0.0115;;-0.0195;;-0.01925;;-0.01575;;-0.024;;8.7175;;12.3665;;12.39;;5.95775;;-0.0425
2006;;1;;19;;5;;6;;10;;2;;PUN;;69;;2.70475;;3.17025;;3.1635;;2.9675;;3.16325;;3.10825;;3.01375;;3.04875;;2.99525;;3.0055;;3.0495;;2.22225;;1.794;;0.98;;0.81175;;0.75275;;0.81025;;0.7685;;5.4275;;6.548;;6.47725;;6.4975;;6.4265;;4.96675
2006;;1;;19;;6;;2;;11;;2;;KEN;;115;;-0.006;;-0.006;;-0.006;;-0.006;;-0.006;;-0.00725;;-0.0075;;-0.00475;;-0.00575;;-0.005;;-0.004;;-0.004;;-0.0055;;-0.05875;;-0.0585;;-0.0605;;-0.043;;-0.006;;-0.00775;;-0.011;;-0.011;;-0.00775;;-0.006;;-0.006
2006;;1;;19;;7;;1;;12;;2;;ARO;;115;;3.2285;;0.0;;0.0;;0.0;;0.0;;0.0;;0.0;;0.0;;0.0;;0.0;;1.139;;4.4695;;0.29775;;1.34425;;6.1615;;6.155;;6.079;;6.06775;;6.4385;;6.431;;6.434;;6.44125;;6.4405;;6.04
2006;;1;;19;;8;;1;;13;;1;;CAR;;230;;32.06525;;-0.42125;;-0.4115;;-0.383;;-0.3925;;-0.42125;;13.5315;;63.968;;91.92275;;91.7215;;89.8525;;89.479;;89.40225;;88.68375;;88.15625;;88.1085;;88.08925;;88.1085;;94.0885;;95.57375;;95.315;;95.76575;;97.2895;;76.0815
2006;;1;;19;;8;;1;;14;;1;;VHE;;115;;-0.2155;;-0.23725;;-0.2155;;-0.2155;;-0.19375;;-0.19375;;-0.172;;-0.19375;;-0.172;;8.72625;;15.2275;;15.098;;11.361;;10.54025;;13.2185;;14.83875;;14.8605;;14.96825;;12.4845;;42.57325;;64.994;;51.4075;;14.57975;;-0.2155
2006;;1;;20;;1;;1;;1;;1;;CAR;;230;;70.242;;69.0;;62.928;;55.2;;56.304;;66.24;;70.104;;73.416;;73.554;;73.416;;73.416;;73.278;;73.278;;73.83;;73.14;;73.692;;73.692;;73.416;;76.866;;77.28;;79.488;;77.28;;77.694;;73.14
2006;;1;;20;;2;;2;;2;;1;;KEN;;115;;-0.0375;;-0.0405;;-0.054;;-0.051;;-0.0375;;-0.0375;;-0.036;;-0.0405;;-0.039;;-0.051;;-0.0525;;-0.039;;-0.0405;;-0.0405;;-0.0405;;-0.039;;-0.042;;-0.0585;;-0.0555;;-0.0405;;-0.039;;-0.0405;;-0.0405;;-0.045
2006;;1;;20;;2;;3;;3;;2;;VIN;;69;;13.879;;13.854;;13.86075;;13.867;;13.859;;13.896;;13.90875;;14.41525;;12.748;;12.739;;12.7385;;14.13775;;14.5505;;14.5905;;14.582;;14.56125;;14.561;;14.56875;;15.26075;;15.40525;;15.35125;;15.341;;15.36775;;14.63
2006;;1;;20;;2;;2;;4;;2;;KEN;;115;;134.26625;;133.09275;;132.34125;;132.06175;;131.94525;;131.9285;;132.24275;;138.20025;;138.83875;;138.90625;;138.80925;;138.87975;;139.10475;;138.9835;;138.78725;;138.98375;;138.957;;139.10125;;145.6065;;146.69625;;146.53175;;146.949;;146.8665;;140.31875
2006;;1;;20;;3;;1;;5;;2;;COR;;115;;37.77425;;39.708;;38.80075;;40.207;;39.8855;;45.49225;;46.3495;;46.40425;;46.34775;;46.0315;;45.896;;37.5995;;23.8735;;30.99825;;40.569;;49.94575;;46.41175;;37.87425;;33.9405;;46.99825;;48.734;;45.68375;;24.9235;;29.38375
2006;;1;;20;;3;;1;;6;;2;;SIS;;115;;71.97025;;70.17975;;62.84875;;74.061;;76.30125;;75.161;;57.6675;;72.9805;;76.571;;72.8305;;65.7415;;65.4225;;42.0665;;46.5755;;61.39875;;64.55075;;68.81275;;67.71025;;62.84875;;78.7215;;83.60275;;71.6105;;75.331;;85.433
2006;;1;;20;;4;;4;;7;;1;;ARJ;;69;;-0.048;;-0.0465;;-0.0465;;-0.0465;;-0.0465;;-0.0465;;-0.0375;;-0.03125;;-0.081;;-0.0565;;-0.055;;-0.05325;;-0.0595;;-0.05625;;-0.055;;-0.0535;;-0.05325;;-0.055;;-0.0915;;15.03325;;16.5865;;17.141;;5.762;;-0.081
2006;;1;;20;;4;;5;;8;;1;;GCH;;69;;38.65825;;35.18875;;31.66075;;17.574;;14.69825;;16.9215;;13.2465;;31.0575;;55.79125;;79.5105;;95.9615;;98.50575;;96.462;;82.629;;82.07025;;87.11575;;94.487;;94.661;;80.4095;;131.113;;145.53775;;133.154;;105.929;;62.268
2006;;1;;20;;4;;6;;9;;1;;KAR;;69;;-0.0365;;-0.0305;;-0.025;;-0.025;;-0.025;;-0.01925;;-0.028;;-0.015;;-0.02075;;-0.0235;;1.30475;;11.0795;;10.26925;;8.541;;8.56225;;7.72575;;-0.039;;-0.0385;;-0.01625;;9.752;;12.4205;;12.6055;;5.69375;;-0.041
2006;;1;;20;;5;;6;;10;;2;;PUN;;69;;4.158;;4.237;;4.258;;4.11675;;4.226;;4.20175;;4.35125;;4.2475;;4.25125;;4.238;;4.198;;4.2315;;4.461;;4.5385;;4.2155;;4.44275;;4.31275;;4.35375;;6.445;;6.75825;;6.526;;6.302;;6.20175;;5.119
2006;;1;;20;;6;;2;;11;;2;;KEN;;115;;-0.006;;-0.006;;-0.006;;-0.006;;-0.006;;-0.007;;-0.00875;;-0.0075;;-0.00575;;-0.03125;;-0.059;;-0.05925;;-0.05625;;-0.05775;;-0.05825;;-0.059;;-0.06;;-0.00525;;-0.00625;;-0.01025;;-0.011;;-0.01025;;-0.004;;-0.004
2006;;1;;20;;7;;1;;12;;2;;ARO;;115;;5.75825;;5.7485;;5.74775;;5.7475;;5.039;;0.0;;0.0;;0.0;;0.0;;0.0;;3.83925;;5.1685;;5.67775;;6.0615;;6.053;;6.055;;6.0605;;6.0605;;6.444;;6.45;;6.45275;;6.45375;;6.45275;;5.9945
2006;;1;;20;;8;;1;;13;;1;;CAR;;230;;33.33975;;-0.498;;-0.46;;-0.383;;-0.3445;;2.4345;;33.53125;;64.5525;;88.96125;;91.30925;;90.61925;;90.66725;;90.39875;;90.02525;;92.354;;92.38275;;91.434;;91.4145;;95.77525;;97.3565;;99.7715;;97.3085;;96.944;;72.2865
2006;;1;;20;;8;;1;;14;;1;;VHE;;115;;-0.2155;;-0.2155;;-0.2155;;-0.2155;;-0.19375;;-0.172;;-0.172;;-0.172;;3.34825;;15.27075;;15.11975;;15.14125;;14.94675;;15.055;;14.8385;;14.7525;;14.8385;;14.7955;;15.7675;;48.40525;;64.0865;;49.1395;;20.6925;;1.03725
2006;;1;;21;;1;;1;;1;;1;;CAR;;230;;70.518;;70.242;;69.966;;58.098;;53.406;;53.13;;52.578;;68.586;;73.692;;73.554;;74.106;;73.14;;73.416;;73.278;;73.554;;73.83;;73.968;;73.278;;76.452;;76.866;;76.866;;77.142;;77.004;;73.002
2006;;1;;21;;2;;2;;2;;1;;KEN;;115;;-0.0555;;-0.0555;;-0.0375;;-0.039;;-0.0375;;-0.0375;;-0.0435;;-0.0555;;-0.054;;-0.045;;-0.039;;-0.0405;;-0.0435;;-0.042;;-0.0555;;-0.0555;;-0.048;;-0.0405;;-0.0405;;-0.0375;;-0.039;;-0.057;;-0.0585;;-0.051
2006;;1;;21;;2;;3;;3;;2;;VIN;;69;;13.907;;13.89525;;13.89975;;13.88525;;13.83625;;13.87475;;13.8735;;14.534;;14.63425;;14.6135;;14.59025;;14.55975;;14.5725;;14.60375;;14.59125;;14.586;;14.61625;;14.64375;;15.49725;;15.542;;15.47475;;15.44325;;15.4455;;14.564
2006;;1;;21;;2;;2;;4;;2;;KEN;;115;;126.142;;124.7555;;125.18375;;131.67175;;132.111;;131.8;;132.1065;;137.44725;;138.60175;;138.872;;138.72725;;138.63225;;139.01;;138.87725;;138.95425;;139.14375;;138.914;;138.86525;;145.50425;;146.16975;;146.44375;;146.5315;;146.47325;;139.7895
2006;;1;;21;;3;;1;;5;;2;;COR;;115;;28.67475;;31.091;;24.90325;;28.0155;;28.2405;;35.5325;;31.627;;37.723;;44.3935;;44.9755;;38.4415;;42.96375;;30.9665;;37.554;;44.16675;;44.3185;;41.2305;;40.91875;;43.77775;;48.97625;;44.80675;;43.61875;;42.0525;;42.851
2006;;1;;21;;3;;1;;6;;2;;SIS;;115;;85.313;;84.783;;85.423;;85.913;;86.003;;86.383;;85.733;;85.793;;85.833;;85.763;;86.833;;86.603;;86.573;;81.71225;;79.102;;69.2595;;71.60025;;73.1505;;73.2605;;78.8115;;74.05075;;76.281;;67.75925;;66.45925
2006;;1;;21;;4;;4;;7;;1;;ARJ;;69;;-0.0735;;-0.078;;-0.0765;;-0.0735;;-0.078;;-0.0765;;-0.066;;-0.06;;-0.06025;;-0.06;;-0.0585;;-0.0585;;-0.0615;;-0.0585;;-0.06;;-0.06175;;-0.06075;;-0.0615;;0.51725;;15.02525;;16.88275;;15.63475;;-0.09525;;-0.0795
2006;;1;;21;;4;;5;;8;;1;;GCH;;69;;46.967;;38.75925;;46.06925;;35.1715;;35.285;;35.5585;;35.63925;;35.213;;35.57675;;49.3515;;61.829;;66.5565;;53.7905;;40.14675;;35.5535;;36.45125;;34.25675;;34.39675;;41.148;;112.0615;;138.6805;;122.74875;;97.25075;;53.644
2006;;1;;21;;4;;6;;9;;1;;KAR;;69;;-0.036;;-0.0235;;-0.0235;;-0.024;;-0.0295;;-0.024;;-0.024;;-0.01575;;-0.00675;;-0.0105;;-0.018;;-0.0175;;-0.02325;;-0.00625;;-0.0115;;-0.0065;;-0.01275;;-0.022;;2.2615;;11.618;;12.5465;;12.522;;11.60425;;-0.0415
2006;;1;;21;;5;;6;;10;;2;;PUN;;69;;4.2625;;4.3965;;4.061;;4.2255;;4.36575;;4.34025;;4.27125;;4.23975;;4.24025;;4.203;;4.1605;;4.189;;4.501;;4.34625;;4.351;;4.29975;;4.22075;;4.23025;;6.58;;6.1235;;5.15975;;5.766;;6.425;;4.1885
2006;;1;;21;;6;;2;;11;;2;;KEN;;115;;-0.004;;-0.00475;;-0.006;;-0.006;;-0.006;;-0.007;;-0.008;;-0.0065;;-0.005;;-0.00425;;-0.05675;;-0.05775;;-0.05725;;-0.05875;;-0.0595;;-0.0595;;-0.05525;;-0.00425;;-0.0055;;-0.009;;-0.01;;-0.0095;;-0.007;;-0.006
2006;;1;;21;;7;;1;;12;;2;;ARO;;115;;5.786;;5.7785;;0.6235;;0.0;;0.0;;0.0;;0.0;;0.0;;0.0;;0.0;;4.75925;;5.66;;5.78225;;6.18475;;6.177;;6.1715;;6.17525;;6.097;;6.45275;;6.3715;;6.3705;;6.377;;6.378;;6.0025
2006;;1;;21;;8;;1;;13;;1;;CAR;;230;;41.84;;14.691;;-0.46;;-0.412;;-0.36375;;-0.3925;;-0.34475;;10.8675;;57.81575;;86.901;;89.50775;;89.4405;;83.82475;;77.701;;84.7255;;89.546;;83.614;;74.8835;;70.437;;91.415;;95.36325;;95.42075;;95.34375;;86.9585
2006;;1;;21;;8;;1;;14;;1;;VHE;;115;;-0.2155;;-0.2155;;-0.2155;;-0.2155;;-0.2155;;-0.172;;-0.19375;;-0.172;;-0.19375;;-0.172;;-0.172;;-0.19375;;-0.172;;-0.19375;;-0.19375;;-0.172;;-0.19375;;-0.172;;2.22525;;38.66375;;65.62025;;39.80825;;16.35075;;4.60075
2006;;1;;22;;1;;1;;1;;1;;CAR;;230;;70.242;;69.828;;69.828;;64.17;;52.164;;54.234;;69.828;;73.554;;73.692;;73.278;;67.62;;58.374;;53.682;;53.268;;53.13;;52.992;;52.992;;52.302;;51.75;;75.9;;76.728;;76.59;;76.59;;73.278
2006;;1;;22;;2;;2;;2;;1;;KEN;;115;;-0.042;;-0.0405;;-0.039;;-0.0405;;-0.054;;-0.0555;;-0.0495;;-0.036;;-0.0345;;-0.036;;-0.0375;;-0.0405;;-0.0615;;-0.042;;-0.0375;;-0.036;;-0.036;;-0.036;;-0.0375;;-0.0585;;-0.06;;-0.0525;;-0.0435;;-0.0375
2006;;1;;22;;2;;3;;3;;2;;VIN;;69;;13.87;;13.90175;;13.89425;;13.87725;;13.87225;;13.8725;;13.84475;;14.586;;14.5435;;14.5525;;14.5555;;14.56825;;14.56575;;14.607;;14.601;;14.61075;;14.59075;;14.585;;15.34625;;15.3645;;15.307;;15.302;;15.2935;;14.4785
2006;;1;;22;;2;;2;;4;;2;;KEN;;115;;133.167;;132.31875;;131.9355;;132.144;;131.7825;;131.62725;;132.11975;;137.97625;;138.59075;;136.157;;120.16675;;121.654;;117.56375;;108.84625;;104.90975;;108.426;;108.425;;119.593;;142.391;;146.58775;;146.875;;147.08925;;147.3745;;139.94975
2006;;1;;22;;3;;1;;5;;2;;COR;;115;;41.04325;;33.449;;34.1555;;30.353;;29.6205;;36.9725;;35.34125;;33.03675;;39.02125;;43.30725;;38.41175;;34.61675;;37.7925;;37.905;;38.23975;;38.02725;;36.6915;;36.12825;;40.81825;;45.63425;;44.26;;44.321;;33.609;;37.5575
2006;;1;;22;;3;;1;;6;;2;;SIS;;115;;66.9995;;70.92975;;68.27975;;63.76875;;70.59;;66.119;;47.43525;;56.70725;;79.41175;;74.52075;;62.29825;;73.47075;;72.75025;;68.59;;74.42075;;78.932;;81.052;;81.63225;;65.719;;77.9215;;73.30075;;58.4775;;78.8915;;70.59
2006;;1;;22;;4;;4;;7;;1;;ARJ;;69;;-0.0765;;-0.075;;-0.0765;;-0.077;;-0.0735;;-0.078;;-0.07225;;-0.0675;;-0.06325;;-0.065;;-0.0645;;-0.0645;;-0.0645;;-0.06;;-0.0645;;-0.063;;-0.06;;-0.0615;;-0.0615;;7.76025;;14.89975;;6.112;;-0.0765;;-0.0725
2006;;1;;22;;4;;5;;8;;1;;GCH;;69;;34.613;;35.17325;;35.18375;;35.504;;35.52525;;32.53025;;13.69325;;13.44775;;14.98775;;16.235;;32.38775;;36.73075;;33.3125;;34.21425;;33.795;;33.89425;;35.90925;;33.6695;;44.189;;99.6815;;124.4285;;116.15325;;60.0365;;40.65275
2006;;1;;22;;4;;6;;9;;1;;KAR;;69;;-0.042;;-0.03;;-0.0235;;-0.03;;-0.024;;-0.02425;;-0.029;;-0.0185;;-0.01575;;-0.0115;;-0.012;;-0.02075;;-0.02;;-0.01825;;-0.018;;-0.011;;-0.0175;;-0.011;;-0.00725;;7.398;;12.1195;;12.2155;;2.81925;;-0.042
2006;;1;;22;;5;;6;;10;;2;;PUN;;69;;2.55075;;2.3755;;2.9845;;3.12125;;3.126;;3.0845;;3.02475;;3.31075;;2.84575;;2.61775;;1.9665;;2.325;;2.4405;;2.7715;;2.7295;;2.75125;;1.085;;0.66775;;2.784;;5.84825;;6.59075;;6.53775;;6.50025;;4.22375
2006;;1;;22;;6;;2;;11;;2;;KEN;;115;;-0.006;;-0.006;;-0.006;;-0.006;;-0.006;;-0.00675;;-0.00625;;-0.004;;-0.004;;-0.004;;-0.009;;-0.01775;;-0.01675;;-0.0145;;-0.008;;-0.01075;;-0.009;;-0.008;;-0.00825;;-0.0145;;-0.01575;;-0.01575;;-0.01125;;-0.0105
2006;;1;;22;;7;;1;;12;;2;;ARO;;115;;5.716;;5.7645;;5.76275;;3.08725;;0.0;;0.0;;0.0;;0.0;;0.0;;0.0;;4.56725;;5.983;;5.98675;;5.993;;6.12;;6.113;;6.11825;;6.12225;;6.50125;;6.49575;;6.49575;;6.501;;6.49925;;6.09425
2006;;1;;22;;8;;1;;13;;1;;CAR;;230;;58.56325;;22.7025;;-0.4695;;-0.46;;-0.402;;-0.431;;-0.3925;;-0.402;;-0.34475;;30.89625;;65.17575;;65.166;;65.20425;;65.20425;;65.1755;;65.166;;65.1755;;65.1275;;65.08925;;90.5235;;95.77525;;97.088;;93.13;;53.503
2006;;1;;22;;8;;1;;14;;1;;VHE;;115;;-0.19375;;-0.2155;;-0.2155;;-0.2155;;-0.2155;;-0.19375;;-0.172;;-0.19375;;-0.172;;-0.19375;;-0.172;;-0.19375;;-0.172;;-0.19375;;-0.172;;-0.19375;;-0.172;;-0.19375;;-0.19375;;11.90125;;25.59575;;18.16525;;7.128;;-0.2155
2006;;1;;23;;1;;1;;1;;1;;CAR;;230;;69.966;;58.788;;51.75;;51.75;;51.75;;51.336;;44.022;;36.432;;37.398;;36.432;;36.708;;36.57;;36.432;;36.57;;36.018;;36.156;;36.156;;35.88;;70.932;;77.28;;76.314;;76.728;;76.866;;73.278
2006;;1;;23;;2;;2;;2;;1;;KEN;;115;;-0.0375;;-0.039;;-0.0375;;-0.0555;;-0.0645;;-0.0525;;-0.0375;;-0.0405;;-0.0405;;-0.042;;-0.054;;-0.0525;;-0.0405;;-0.0405;;-0.039;;-0.0405;;-0.0405;;-0.042;;-0.051;;-0.057;;-0.045;;-0.0405;;-0.039;;-0.0405
2006;;1;;23;;2;;3;;3;;2;;VIN;;69;;13.86425;;13.85975;;13.86325;;13.868;;13.87275;;13.88975;;13.89625;;14.5855;;14.587;;14.401;;14.558;;14.5615;;14.60175;;14.6205;;14.61225;;14.60175;;14.584;;14.58425;;15.46975;;15.50025;;15.41;;15.419;;15.47175;;14.6175
2006;;1;;23;;2;;2;;4;;2;;KEN;;115;;123.885;;122.3115;;125.22675;;131.73875;;132.08125;;131.915;;132.01225;;138.1835;;138.75925;;138.89825;;138.83725;;138.82325;;139.01;;138.577;;138.629;;138.8795;;138.895;;138.92325;;145.2295;;146.5575;;146.79025;;147.10575;;146.99025;;139.74325
2006;;1;;23;;3;;1;;5;;2;;COR;;115;;37.20425;;41.26775;;31.8785;;26.8235;;28.04925;;40.6325;;45.874;;49.59625;;53.609;;46.25425;;46.29325;;46.64825;;45.228;;44.68375;;44.33725;;44.51325;;45.459;;45.299;;36.90475;;48.924;;46.29875;;43.83375;;43.72825;;40.8705
2006;;1;;23;;3;;1;;6;;2;;SIS;;115;;58.15775;;57.50825;;64.99975;;68.9205;;69.17075;;74.93125;;72.9005;;82.33225;;83.4725;;72.11025;;79.352;;83.6625;;61.3785;;76.77125;;80.60225;;74.89075;;69.77;;64.86875;;57.48725;;84.42275;;77.8015;;72.00025;;67.48925;;69.74975
2006;;1;;23;;4;;4;;7;;1;;ARJ;;69;;-0.0765;;-0.0735;;-0.075;;-0.072;;-0.0765;;-0.072;;-0.0645;;-0.0615;;-0.0615;;-0.0585;;-0.0585;;-0.06;;-0.0585;;-0.06;;1.0115;;15.37625;;12.563;;10.9565;;10.8735;;14.79925;;16.6705;;16.62325;;3.842;;-0.0765
2006;;1;;23;;4;;5;;8;;1;;GCH;;69;;34.9645;;34.98275;;25.58675;;12.82775;;12.8615;;13.036;;13.625;;24.99775;;74.9785;;115.28325;;118.03325;;115.21475;;98.23625;;83.5665;;107.792;;113.09775;;112.33425;;102.8305;;81.9855;;128.7625;;158.6195;;132.19175;;97.83475;;50.0275
2006;;1;;23;;4;;6;;9;;1;;KAR;;69;;-0.0355;;-0.024;;-0.024;;-0.0235;;-0.0245;;-0.0305;;-0.025;;-0.019;;-0.02175;;-0.025;;2.66025;;11.083;;9.2495;;8.82375;;9.778;;11.3205;;11.3415;;8.6425;;8.698;;11.44725;;12.3715;;12.491;;11.61475;;-0.03625
2006;;1;;23;;5;;6;;10;;2;;PUN;;69;;2.934;;3.02625;;2.637;;0.81025;;0.60425;;0.65025;;0.69325;;0.58975;;0.747;;0.7095;;0.67225;;0.763;;0.72525;;0.76275;;0.727;;0.80575;;0.721;;0.71525;;3.20625;;4.40025;;4.36625;;4.32275;;4.3725;;2.0965
2006;;1;;23;;6;;2;;11;;2;;KEN;;115;;-0.011;;-0.01025;;-0.01025;;-0.0105;;-0.0105;;-0.01125;;-0.01025;;-0.01075;;-0.00925;;-0.01225;;-0.01475;;-0.01475;;-0.06675;;-0.06275;;-0.0625;;-0.06475;;-0.06075;;-0.0065;;-0.0095;;-0.0145;;-0.01875;;-0.01875;;-0.01475;;-0.01225
2006;;1;;23;;7;;1;;12;;2;;ARO;;115;;5.815;;5.801;;5.8;;5.794;;5.794;;0.337;;0.0;;0.0;;0.0;;0.0;;0.0;;2.2425;;4.685;;5.56175;;5.98975;;6.015;;6.0175;;6.02525;;6.4705;;6.46675;;6.47325;;6.475;;6.479;;6.1125
2006;;1;;23;;8;;1;;13;;1;;CAR;;230;;26.30575;;-0.479;;-0.45975;;-0.2585;;-0.28725;;-0.28725;;29.15225;;90.16875;;92.01825;;89.36375;;87.955;;87.974;;87.936;;87.869;;87.495;;87.49525;;87.5335;;88.21375;;80.3075;;94.2225;;96.58;;97.203;;97.73975;;84.76375
2006;;1;;23;;8;;1;;14;;1;;VHE;;115;;-0.2155;;-0.2155;;-0.2155;;-0.2155;;-0.172;;-0.172;;-0.19375;;-0.172;;0.28125;;14.601;;15.249;;14.79575;;13.78025;;10.4755;;14.70925;;14.75225;;14.558;;14.40675;;11.253;;43.934;;63.741;;53.5245;;15.01175;;-0.23725
2006;;1;;24;;1;;1;;1;;1;;CAR;;230;;69.966;;69.69;;62.376;;57.822;;52.854;;52.854;;44.712;;36.846;;37.122;;36.708;;36.846;;36.432;;36.846;;36.846;;36.57;;36.57;;36.57;;42.504;;75.486;;76.038;;76.452;;76.866;;77.832;;74.106
2006;;1;;24;;2;;2;;2;;1;;KEN;;115;;-0.045;;-0.0375;;-0.0525;;-0.0525;;-0.0495;;-0.0375;;-0.036;;-0.0405;;-0.0405;;-0.057;;-0.0555;;-0.039;;-0.042;;-0.0405;;-0.0495;;-0.0405;;-0.042;;-0.0615;;-0.057;;7.13975;;11.61325;;-0.1015;;-0.06025;;-0.042
2006;;1;;24;;2;;3;;3;;2;;VIN;;69;;13.87475;;13.83375;;13.831;;13.8845;;13.87975;;13.93825;;13.88375;;14.499;;14.56375;;14.58025;;14.64175;;14.5845;;14.61425;;14.64675;;14.63275;;14.611;;14.59075;;14.60175;;15.44425;;15.3525;;15.254;;15.22725;;15.24;;14.64675
2006;;1;;24;;2;;2;;4;;2;;KEN;;115;;123.34025;;122.27075;;122.296;;122.44325;;131.963;;131.928;;132.01075;;137.9815;;139.13275;;138.855;;138.85425;;139.09375;;138.79275;;138.72775;;138.802;;138.90225;;138.92425;;138.93775;;142.904;;146.5395;;146.423;;146.91175;;144.1285;;139.43225
2006;;1;;24;;3;;1;;5;;2;;COR;;115;;40.04175;;40.41425;;40.4135;;38.728;;33.85;;34.1755;;37.4455;;40.429;;50.3745;;45.13425;;45.59325;;46.232;;40.79675;;46.5655;;46.436;;46.3425;;43.764;;29.879;;29.19;;38.18975;;32.16225;;25.87125;;17.58775;;20.87175
2006;;1;;24;;3;;1;;6;;2;;SIS;;115;;72.8305;;68.60975;;69.63975;;71.72025;;74.471;;79.662;;79.402;;80.792;;85.28275;;83.1425;;80.97225;;75.831;;51.2665;;72.38075;;78.4115;;79.67175;;73.58075;;60.928;;45.556;;83.7525;;87.313;;87.063;;53.89775;;73.1105
2006;;1;;24;;4;;4;;7;;1;;ARJ;;69;;-0.075;;-0.072;;-0.072;;-0.0725;;-0.0705;;-0.072;;-0.063;;-0.0585;;-0.09825;;12.68225;;16.3195;;14.564;;11.21325;;10.694;;11.03025;;14.09175;;15.43225;;14.43525;;11.18675;;15.426;;16.763;;16.62875;;7.35075;;-0.0885
2006;;1;;24;;4;;5;;8;;1;;GCH;;69;;37.3225;;44.28325;;34.34475;;34.38625;;34.405;;34.549;;41.45625;;41.7395;;66.558;;97.8785;;96.87275;;96.3805;;84.90225;;68.263;;89.30325;;94.75325;;94.804;;111.8085;;80.91275;;130.949;;142.38725;;114.278;;98.39975;;68.88925
2006;;1;;24;;4;;6;;9;;1;;KAR;;69;;-0.04275;;-0.03125;;-0.0255;;-0.02525;;-0.02525;;-0.026;;-0.01475;;-0.0105;;6.34025;;11.5055;;11.055;;10.69825;;8.8755;;8.16925;;8.536;;11.2555;;11.231;;11.12625;;8.74175;;11.3995;;12.64;;12.508;;7.33025;;-0.043
2006;;1;;24;;5;;6;;10;;2;;PUN;;69;;2.099;;2.429;;2.525;;2.495;;2.48475;;2.47325;;2.521;;2.5205;;2.467;;2.757;;2.891;;2.85225;;3.006;;3.163;;3.0075;;4.19725;;5.61275;;7.00625;;7.3855;;13.18425;;13.32125;;13.075;;11.27275;;7.632
2006;;1;;24;;6;;2;;11;;2;;KEN;;115;;-0.012;;-0.01025;;-0.01;;-0.01;;-0.0105;;-0.01125;;-0.01125;;-0.01175;;-0.01;;-0.03625;;-0.06925;;-0.07075;;-0.06425;;-0.06075;;-0.06575;;-0.065;;-0.063;;-0.0085;;-0.01125;;-0.019;;-0.02075;;-0.017;;-0.00975;;-0.01025
2006;;1;;24;;7;;1;;12;;2;;ARO;;115;;5.7965;;5.77675;;5.77775;;0.84675;;0.0;;0.0;;0.0;;0.0;;0.0;;0.0;;0.0;;0.0;;3.18075;;5.77475;;5.7795;;6.12125;;6.07;;6.07275;;6.45275;;6.4425;;6.4415;;3.266;;6.43125;;6.1445
2006;;1;;24;;8;;1;;13;;1;;CAR;;230;;47.38875;;1.66775;;-0.517;;-0.43075;;-0.402;;-0.431;;10.053;;77.34625;;93.07275;;89.38325;;87.93625;;87.8785;;87.792;;87.54325;;87.81125;;89.105;;87.428;;87.69625;;89.862;;97.68225;;97.8355;;98.25725;;98.14225;;64.22675
2006;;1;;24;;8;;1;;14;;1;;VHE;;115;;-0.2155;;-0.19375;;-0.2155;;-0.2155;;-0.19375;;-0.172;;-0.19375;;9.37425;;15.81075;;16.00525;;30.067;;38.145;;27.92825;;20.97325;;24.60175;;35.8555;;39.59225;;28.274;;32.22675;;51.08375;;63.4175;;58.40625;;18.122;;-0.2155
2006;;1;;25;;1;;1;;1;;1;;CAR;;230;;73.968;;70.104;;71.208;;70.932;;71.76;;70.932;;70.932;;73.83;;73.692;;73.14;;73.416;;73.14;;73.416;;73.554;;73.554;;73.416;;73.416;;72.864;;75.762;;76.452;;76.452;;76.038;;76.176;;73.416
2006;;1;;25;;2;;2;;2;;1;;KEN;;115;;-0.0375;;-0.0375;;-0.036;;-0.0375;;-0.0375;;-0.0345;;-0.036;;-0.0405;;-0.039;;-0.0405;;-0.06;;4.95425;;7.20475;;7.5565;;6.7815;;5.844;;3.76975;;-0.0735;;-0.048;;6.84375;;15.558;;0.643;;-0.07225;;-0.0405
2006;;1;;25;;2;;3;;3;;2;;VIN;;69;;13.9015;;13.902;;13.893;;13.88525;;13.87325;;13.899;;13.92475;;14.6145;;14.6335;;14.59575;;14.61625;;14.58925;;14.61875;;14.6585;;14.6405;;14.62325;;14.60775;;14.6335;;15.488;;15.52725;;15.453;;15.422;;15.4575;;14.63975
2006;;1;;25;;2;;2;;4;;2;;KEN;;115;;95.83325;;74.286;;89.95625;;91.9935;;87.297;;87.4325;;89.674;;100.69;;106.04825;;107.539;;107.12275;;107.7135;;107.85475;;118.4905;;118.6235;;127.66925;;139.0445;;139.046;;143.31025;;146.67375;;146.7955;;147.02525;;147.146;;140.32075
2006;;1;;25;;3;;1;;5;;2;;COR;;115;;36.509;;23.2935;;21.578;;18.90825;;19.092;;21.2065;;27.62025;;34.63525;;35.0085;;41.13775;;34.4075;;40.5865;;41.5185;;41.557;;42.635;;40.43775;;31.3285;;26.93725;;26.99825;;49.75425;;46.25;;33.60875;;27.88375;;35.90175
2006;;1;;25;;3;;1;;6;;2;;SIS;;115;;85.393;;80.752;;74.29075;;74.10075;;76.171;;85.323;;86.053;;85.673;;85.393;;85.403;;85.353;;84.04275;;71.40025;;72.29025;;84.863;;79.27175;;69.56;;78.74175;;73.75075;;84.43275;;86.453;;84.073;;80.812;;81.88225
2006;;1;;25;;4;;4;;7;;1;;ARJ;;69;;-0.0735;;-0.0765;;-0.0725;;-0.0765;;-0.0735;;-0.0765;;-0.069;;-0.06475;;-0.0665;;4.68525;;11.13725;;12.304;;-0.08125;;-0.065;;0.993;;13.36875;;10.861;;10.9305;;11.308;;14.84325;;16.4025;;15.609;;7.995;;-0.078
2006;;1;;25;;4;;5;;8;;1;;GCH;;69;;44.71175;;42.74625;;35.04025;;35.12425;;35.14525;;35.184;;35.549;;43.22325;;75.98725;;98.00725;;98.5915;;96.92025;;85.939;;73.37675;;89.736;;93.47075;;90.1805;;78.60275;;67.061;;120.48875;;140.57275;;122.1815;;98.19075;;66.4085
2006;;1;;25;;4;;6;;9;;1;;KAR;;69;;-0.0425;;-0.0255;;-0.0255;;-0.02525;;-0.0255;;-0.0255;;-0.02175;;-0.01525;;-0.024;;7.18175;;11.609;;11.231;;8.5425;;8.6015;;9.25975;;10.0035;;8.246;;8.46225;;8.517;;11.22025;;12.648;;12.726;;8.75725;;-0.0455
2006;;1;;25;;5;;6;;10;;2;;PUN;;69;;5.2215;;5.24075;;5.52975;;5.53625;;5.60475;;5.70875;;5.6025;;5.70025;;5.688;;5.44825;;5.5655;;5.60175;;5.52925;;5.59125;;5.61075;;5.75925;;5.72925;;8.565;;11.71425;;13.146;;13.057;;13.0265;;11.395;;8.0345
2006;;1;;25;;6;;2;;11;;2;;KEN;;115;;-0.01075;;-0.01;;-0.0105;;-0.01075;;-0.01125;;-0.01175;;-0.012;;-0.01425;;-0.01175;;-0.0235;;-0.07125;;-0.0695;;-0.0665;;-0.06525;;-0.0625;;-0.0655;;-0.063;;-0.01075;;-0.0095;;-0.017;;-0.0175;;-0.019;;-0.0145;;-0.01275
2006;;1;;25;;7;;1;;12;;2;;ARO;;115;;5.803;;5.7915;;0.69825;;0.0;;0.0;;0.0;;0.0;;0.0;;0.0;;0.0;;4.26225;;5.56575;;5.738;;5.7335;;5.7345;;5.7335;;6.13525;;6.1875;;6.53925;;6.5515;;6.55425;;6.558;;6.564;;6.2295
2006;;1;;25;;8;;1;;13;;1;;CAR;;230;;41.3995;;43.9005;;39.85625;;32.64;;32.6305;;32.669;;42.25225;;83.796;;92.51675;;92.1815;;91.1655;;91.089;;90.89725;;89.45025;;89.3545;;88.4535;;88.45325;;88.59725;;89.7665;;95.133;;95.8135;;97.04;;97.27025;;65.85575
2006;;1;;25;;8;;1;;14;;1;;VHE;;115;;0.6915;;11.05875;;1.5555;;-0.2155;;-0.23725;;-0.2155;;-0.2155;;2.76525;;16.0055;;15.854;;15.59475;;15.31375;;14.601;;10.77825;;14.731;;21.686;;25.8115;;21.7725;;21.59975;;53.17875;;65.77175;;64.00025;;21.362;;-0.2155
2006;;1;;26;;1;;1;;1;;1;;CAR;;230;;71.622;;68.862;;69.552;;69.966;;70.656;;70.794;;70.104;;73.416;;73.692;;73.83;;73.416;;73.554;;73.14;;73.278;;73.416;;73.416;;68.724;;71.484;;72.864;;75.762;;77.142;;77.556;;77.556;;73.416
2006;;1;;26;;2;;2;;2;;1;;KEN;;115;;-0.036;;-0.0375;;-0.0375;;-0.036;;-0.0375;;-0.036;;-0.0375;;-0.039;;-0.039;;0.46575;;7.47025;;0.69325;;0.40975;;-0.072;;-0.039;;3.97025;;5.217;;1.53425;;-0.0645;;6.62575;;14.9495;;0.60975;;-0.0755;;-0.0405
2006;;1;;26;;2;;3;;3;;2;;VIN;;69;;13.90325;;13.8775;;13.89525;;13.8935;;13.88325;;13.924;;13.89825;;14.6065;;14.623;;14.59125;;14.59675;;14.547;;14.57775;;14.6215;;14.62375;;14.6315;;14.61975;;14.65225;;15.517;;15.5315;;15.438;;15.439;;15.47275;;14.62925
2006;;1;;26;;2;;2;;4;;2;;KEN;;115;;129.87875;;129.27025;;129.311;;132.1555;;132.19625;;132.1765;;132.26725;;138.20275;;138.912;;139.08525;;138.806;;138.93825;;139.19675;;138.904;;139.11675;;138.9405;;138.898;;139.05375;;143.32225;;146.482;;146.42925;;146.63175;;146.6935;;139.64
2006;;1;;26;;3;;1;;5;;2;;COR;;115;;40.102;;38.4325;;35.07375;;34.0785;;32.25725;;32.03275;;29.80375;;34.4205;;38.47775;;36.18175;;34.8585;;43.181;;34.188;;38.338;;45.666;;37.89225;;28.41075;;33.5135;;34.83625;;48.4685;;39.43075;;39.04275;;35.818;;42.38975
2006;;1;;26;;3;;1;;6;;2;;SIS;;115;;77.8215;;66.91925;;67.9895;;56.03725;;56.8475;;69.37975;;73.4005;;80.862;;85.443;;87.393;;87.593;;87.79325;;87.703;;87.573;;80.192;;79.15175;;85.883;;87.003;;86.523;;87.103;;86.993;;86.893;;84.0325;;71.28025
2006;;1;;26;;4;;4;;7;;1;;ARJ;;69;;-0.075;;-0.072;;-0.072;;-0.0735;;-0.072;;-0.075;;-0.0705;;-0.069;;-0.072;;-0.072;;-0.068;;-0.0635;;-0.06625;;-0.06175;;-0.06175;;-0.071;;-0.1285;;-0.121;;1.004;;14.87375;;16.69475;;16.8235;;3.28175;;-0.0765
2006;;1;;26;;4;;5;;8;;1;;GCH;;69;;39.175;;46.7865;;34.848;;34.82775;;34.83775;;34.83975;;34.9935;;35.70925;;67.39625;;97.617;;96.15775;;95.47;;73.16375;;68.05275;;80.081;;94.30625;;86.66775;;81.02475;;81.17325;;130.19975;;149.76575;;127.958;;105.59125;;68.063
2006;;1;;26;;4;;6;;9;;1;;KAR;;69;;-0.0465;;-0.029;;-0.023;;-0.0295;;-0.029;;-0.029;;-0.02625;;-0.02075;;-0.0295;;-0.023;;-0.029;;-0.0255;;-0.033;;-0.021;;-0.015;;4.9455;;8.149;;8.1765;;8.2185;;11.36425;;12.277;;12.6185;;6.55275;;-0.0465
2006;;1;;26;;5;;6;;10;;2;;PUN;;69;;5.89475;;6.24975;;6.2165;;6.2185;;6.2755;;6.287;;6.3675;;6.27725;;6.313;;6.01175;;8.74175;;11.08275;;11.52425;;11.87475;;11.7975;;11.45125;;12.24725;;12.266;;12.976;;13.1975;;13.08775;;13.09875;;13.14925;;11.19625
2006;;1;;26;;6;;2;;11;;2;;KEN;;115;;-0.01;;-0.01;;-0.01;;-0.01;;-0.01025;;-0.011;;-0.013;;-0.01575;;-0.01075;;-0.00975;;-0.06775;;-0.0715;;-0.06575;;-0.0635;;-0.0645;;-0.065;;-0.03675;;-0.0105;;-0.01;;-0.01625;;-0.01525;;-0.01625;;-0.013;;-0.01025
2006;;1;;26;;7;;1;;12;;2;;ARO;;115;;5.85775;;5.842;;1.6375;;0.0;;0.0;;0.0;;0.0;;0.0;;0.0;;0.0;;0.0;;3.29925;;5.80825;;6.03275;;6.10725;;6.036;;6.15425;;6.169;;6.5665;;6.565;;6.561;;6.57125;;6.56925;;6.1895
2006;;1;;26;;8;;1;;13;;1;;CAR;;230;;26.2865;;-0.56525;;-0.498;;-0.43075;;-0.43075;;-0.41175;;18.831;;71.09825;;92.4975;;92.47825;;92.48825;;92.306;;80.91125;;75.26675;;89.2585;;88.4725;;88.47275;;84.85025;;86.901;;95.88075;;95.9095;;97.27025;;97.61525;;68.9515
2006;;1;;26;;8;;1;;14;;1;;VHE;;115;;-0.2155;;-0.2155;;-0.23725;;-0.2155;;-0.19375;;-0.172;;-0.19375;;-0.172;;-0.19375;;7.1495;;12.7005;;16.13475;;11.49075;;10.97225;;13.5645;;15.422;;12.83;;10.69175;;10.67025;;52.5955;;66.2035;;52.0555;;14.08275;;-0.2155
2006;;1;;27;;1;;1;;1;;1;;CAR;;230;;69.966;;68.862;;60.582;;58.788;;63.618;;64.308;;70.38;;73.416;;73.14;;73.692;;73.416;;73.416;;73.554;;73.278;;73.554;;72.726;;73.554;;73.278;;75.348;;75.762;;76.314;;76.314;;75.624;;72.864
2006;;1;;27;;2;;2;;2;;1;;KEN;;115;;-0.0375;;-0.0375;;-0.0375;;-0.0375;;-0.0375;;-0.0375;;-0.0375;;-0.039;;-0.0405;;-0.039;;-0.042;;-0.0405;;-0.0405;;-0.0405;;-0.051;;-0.0435;;-0.0405;;-0.039;;-0.0405;;6.58775;;16.3855;;3.512;;-0.0845;;-0.042
2006;;1;;27;;2;;3;;3;;2;;VIN;;69;;13.897;;13.87;;13.88225;;13.861;;13.87475;;13.916;;13.92925;;14.60625;;14.6235;;14.61;;14.60725;;14.59875;;14.6255;;14.60825;;14.63175;;14.6215;;14.61725;;14.643;;15.532;;15.526;;15.444;;15.445;;15.46875;;14.64775
2006;;1;;27;;2;;2;;4;;2;;KEN;;115;;133.25175;;132.25025;;132.05925;;131.8605;;131.93075;;132.0635;;132.0515;;138.57825;;139.198;;139.23875;;139.29475;;139.3475;;139.2025;;139.13225;;138.9575;;132.31175;;130.866;;132.9895;;141.55775;;146.45325;;146.59275;;146.6465;;146.972;;132.26175
2006;;1;;27;;3;;1;;5;;2;;COR;;115;;46.828;;39.66725;;36.78;;28.17025;;26.22625;;40.026;;28.00525;;40.70125;;39.25;;47.93975;;36.1995;;37.703;;30.432;;41.3635;;44.56675;;40.338;;36.61875;;30.912;;28.8255;;48.60425;;40.8915;;32.77075;;27.86425;;39.02825
2006;;1;;27;;3;;1;;6;;2;;SIS;;115;;72.1105;;71.95;;73.35025;;77.6215;;71.64;;67.27925;;62.91875;;73.81075;;70.57;;70.53;;71.44025;;70.54;;71.13;;70.55;;70.57;;70.61;;70.58;;70.57;;70.52;;70.5;;70.51;;70.5;;59.57775;;63.50875
2006;;1;;27;;4;;4;;7;;1;;ARJ;;69;;-0.075;;-0.0735;;-0.0735;;-0.072;;-0.0765;;-0.072;;-0.072;;-0.0645;;-0.062;;-0.06175;;5.2615;;11.05025;;11.3355;;10.8325;;11.1205;;13.729;;10.58075;;10.62225;;10.6635;;14.7305;;16.617;;16.615;;8.633;;-0.0765
2006;;1;;27;;4;;5;;8;;1;;GCH;;69;;43.69825;;40.38925;;34.7395;;34.79025;;34.79025;;34.752;;34.94275;;37.11025;;83.71525;;104.3455;;113.79025;;111.63525;;84.016;;78.53325;;92.57575;;109.0035;;105.54625;;94.8095;;78.54325;;141.41775;;170.062;;143.977;;113.288;;80.14925
2006;;1;;27;;4;;6;;9;;1;;KAR;;69;;-0.041;;-0.029;;-0.0225;;-0.029;;-0.029;;-0.03025;;-0.027;;-0.0205;;-0.026;;2.09075;;11.4325;;11.09475;;8.618;;8.582;;8.21125;;11.17325;;10.89825;;8.185;;8.36125;;11.066;;12.572;;12.631;;10.73425;;-0.04
2006;;1;;27;;5;;6;;10;;2;;PUN;;69;;8.73075;;8.97075;;8.9665;;8.975;;9.07925;;9.024;;8.989;;8.90425;;8.9845;;9.13025;;9.7895;;10.69175;;11.7855;;12.2715;;10.2115;;11.276;;12.31375;;12.3185;;12.85625;;13.36575;;13.2065;;13.194;;13.1835;;12.267
2006;;1;;27;;6;;2;;11;;2;;KEN;;115;;-0.01;;-0.01;;-0.01025;;-0.00975;;-0.01;;-0.0105;;-0.0105;;-0.0125;;-0.01075;;-0.01525;;-0.0155;;-0.06375;;-0.06025;;-0.04475;;-0.0635;;-0.0705;;-0.0275;;-0.00975;;-0.0075;;-0.015;;-0.01675;;-0.01375;;-0.00825;;-0.006
2006;;1;;27;;7;;1;;12;;2;;ARO;;115;;5.84025;;5.842;;3.93575;;0.0;;0.0;;0.0;;0.0;;0.0;;3.82125;;5.754;;5.83925;;6.071;;6.069;;6.064;;6.06025;;6.06325;;6.12475;;6.1735;;6.55425;;6.55075;;6.55175;;6.5525;;6.55075;;6.14425
2006;;1;;27;;8;;1;;13;;1;;CAR;;230;;27.8775;;-0.517;;-0.498;;-0.42125;;-0.402;;-0.4115;;23.6225;;67.3415;;90.648;;89.843;;88.971;;88.45375;;85.013;;75.54475;;87.4665;;87.428;;87.428;;87.64825;;91.108;;94.079;;94.9415;;95.775;;96.19675;;84.7355
2006;;1;;27;;8;;1;;14;;1;;VHE;;115;;-0.2155;;-0.2155;;-0.2155;;-0.2155;;-0.2155;;-0.172;;-0.19375;;-0.19375;;4.493;;14.88225;;15.24925;;14.92525;;11.79325;;10.2165;;12.16025;;15.1845;;15.11975;;12.895;;12.03075;;56.93725;;65.36125;;64.7995;;26.5675;;3.56425
2006;;1;;28;;1;;1;;1;;1;;CAR;;230;;69.276;;69.828;;64.86;;39.468;;34.914;;34.914;;34.914;;36.708;;36.294;;36.432;;36.432;;36.432;;36.432;;36.432;;36.708;;36.432;;36.432;;36.294;;58.236;;77.142;;79.35;;76.314;;76.59;;72.726
2006;;1;;28;;2;;2;;2;;1;;KEN;;115;;-0.0375;;-0.036;;-0.0375;;-0.036;;-0.0375;;-0.0375;;-0.036;;-0.036;;-0.0375;;0.0655;;7.07575;;8.198;;0.936;;-0.0555;;-0.036;;-0.042;;-0.0375;;-0.036;;-0.0375;;11.5935;;16.1525;;16.22525;;2.9345;;-0.083
2006;;1;;28;;2;;3;;3;;2;;VIN;;69;;13.902;;13.91375;;13.8935;;13.883;;13.86825;;13.8915;;13.8965;;14.63325;;14.65;;14.62125;;14.64;;14.60275;;14.62625;;14.6145;;14.66425;;14.63475;;14.63975;;14.65175;;15.5175;;15.56725;;15.4695;;15.4465;;15.46125;;14.62775
2006;;1;;28;;2;;2;;4;;2;;KEN;;115;;128.13775;;132.2155;;132.1005;;132.1465;;132.11075;;132.03925;;132.12;;137.519;;139.689;;130.65825;;128.0135;;131.54125;;139.85975;;131.82525;;139.44725;;139.66875;;139.6675;;139.7085;;145.24075;;146.94925;;147.56875;;147.8955;;147.72075;;141.55225
2006;;1;;28;;3;;1;;5;;2;;COR;;115;;31.0275;;31.45575;;27.6195;;33.579;;33.822;;36.2595;;38.213;;46.9295;;49.11425;;42.3985;;35.48725;;40.22775;;22.656;;34.886;;42.251;;41.276;;33.52125;;27.4175;;31.40925;;46.14975;;42.825;;44.231;;30.321;;30.7395
2006;;1;;28;;3;;1;;6;;2;;SIS;;115;;61.8385;;63.8085;;58.5075;;65.59925;;62.8985;;67.31925;;58.5475;;69.29975;;70.51;;70.38;;70.4;;70.34;;58.49775;;64.779;;69.51975;;70.48;;70.44;;63.26825;;58.81775;;69.48975;;70.53;;70.54;;65.92925;;70.55
2006;;1;;28;;4;;4;;7;;1;;ARJ;;69;;-0.072;;-0.075;;-0.0735;;-0.072;;-0.072;;-0.0735;;-0.06475;;-0.057;;0.09725;;14.8415;;15.35675;;15.564;;15.064;;10.63;;2.422;;-0.06;;-0.11925;;-0.11775;;0.79725;;20.3225;;24.94175;;16.5185;;10.564;;-0.081
2006;;1;;28;;4;;5;;8;;1;;GCH;;69;;76.423;;37.078;;34.328;;34.34875;;34.339;;34.35025;;34.4545;;43.29875;;92.17075;;132.014;;152.05625;;150.98025;;144.63375;;121.85375;;111.14225;;111.212;;112.538;;111.85625;;107.355;;183.908;;206.962;;168.689;;135.05375;;100.015
2006;;1;;28;;4;;6;;9;;1;;KAR;;69;;-0.0465;;-0.0285;;-0.029;;-0.028;;-0.029;;-0.03125;;-0.02225;;-0.01475;;7.20775;;11.8815;;11.8385;;11.7495;;11.052;;11.16575;;11.208;;11.2205;;11.31725;;11.287;;9.76375;;12.2045;;12.5055;;12.5525;;11.61575;;-0.041
2006;;1;;28;;5;;6;;10;;2;;PUN;;69;;10.0265;;8.67125;;8.16675;;8.3715;;9.0075;;8.87575;;8.95525;;9.01275;;9.364;;10.28675;;11.38425;;11.69025;;11.7795;;11.56675;;11.83075;;11.76025;;9.99275;;10.0815;;11.7975;;13.3255;;13.21175;;13.229;;13.24725;;12.25325
2006;;1;;28;;6;;2;;11;;2;;KEN;;115;;-0.006;;-0.012;;-0.0115;;-0.01125;;-0.011;;-0.012;;-0.01175;;-0.012;;-0.0105;;-0.04125;;-0.0705;;-0.07175;;-0.06725;;-0.0665;;-0.06125;;-0.066;;-0.01175;;-0.01075;;-0.007;;-0.0145;;-0.01875;;-0.016;;-0.0135;;-0.011
2006;;1;;28;;7;;1;;12;;2;;ARO;;115;;5.858;;5.843;;5.3295;;0.0;;0.0;;0.0;;0.0;;0.0;;0.93825;;5.62075;;5.62075;;5.618;;5.61775;;5.62325;;6.0715;;6.093;;6.152;;6.165;;6.5385;;6.54125;;6.55075;;6.55825;;6.55325;;6.193
2006;;1;;28;;8;;1;;13;;1;;CAR;;230;;42.89425;;36.25325;;32.142;;37.2785;;38.4765;;38.4765;;33.3205;;42.23325;;45.91325;;44.37975;;44.38925;;43.88125;;43.479;;43.40225;;42.9805;;42.95175;;42.98075;;43.364;;45.6735;;46.8235;;47.33125;;47.99275;;48.25125;;45.81725
2006;;1;;28;;8;;1;;14;;1;;VHE;;115;;-0.2155;;-0.2155;;-0.2155;;-0.2155;;-0.19375;;-0.172;;-0.19375;;-0.172;;-0.19375;;-0.172;;-0.19375;;-0.172;;-0.172;;-0.19375;;-0.172;;-0.19375;;-0.19375;;-0.172;;-0.19375;;-0.172;;15.7895;;26.9565;;23.846;;10.02225
2006;;1;;29;;1;;1;;1;;1;;CAR;;230;;69.966;;65.826;;34.638;;30.222;;31.05;;33.534;;31.326;;28.842;;32.016;;36.156;;36.018;;35.742;;35.88;;35.742;;35.604;;35.742;;35.742;;45.402;;74.934;;75.762;;75.624;;75.486;;75.9;;72.45
2006;;1;;29;;2;;2;;2;;1;;KEN;;115;;-0.036;;-0.0375;;-0.0375;;-0.0375;;-0.036;;-0.0375;;-0.0375;;-0.036;;-0.036;;-0.036;;-0.036;;-0.036;;-0.036;;-0.0375;;-0.036;;-0.036;;-0.0375;;-0.036;;-0.0375;;-0.0405;;-0.042;;-0.042;;-0.036;;-0.0405
2006;;1;;29;;2;;3;;3;;2;;VIN;;69;;13.9285;;13.91;;13.935;;13.9175;;13.9295;;13.93175;;13.92675;;14.609;;14.61425;;14.60425;;14.61025;;14.617;;14.641;;14.65275;;14.639;;14.64125;;14.6475;;14.638;;15.47675;;15.53375;;15.464;;15.4315;;15.4545;;14.6305
2006;;1;;29;;2;;2;;4;;2;;KEN;;115;;134.07525;;133.285;;133.07425;;132.878;;132.6225;;132.535;;132.89725;;134.285;;139.33125;;139.62825;;139.5475;;139.50275;;139.80375;;139.8415;;139.5315;;139.0265;;139.358;;139.65775;;143.355;;146.80275;;147.61575;;148.0545;;147.80025;;140.50225
2006;;1;;29;;3;;1;;5;;2;;COR;;115;;25.8725;;32.782;;38.403;;36.3275;;42.884;;41.6585;;27.4675;;41.401;;45.82;;42.50675;;37.5535;;39.3765;;39.112;;41.12725;;38.58925;;44.098;;44.2755;;37.8525;;30.1435;;48.6545;;50.62925;;36.841;;30.259;;40.17375
2006;;1;;29;;3;;1;;6;;2;;SIS;;115;;69.30975;;57.0175;;64.21875;;55.757;;61.92825;;64.869;;57.07725;;64.1085;;70.59;;70.62;;70.58;;68.59975;;64.819;;64.229;;64.619;;68.55975;;70.48;;69.18975;;61.8985;;68.5495;;70.49;;70.45;;69.46;;70.41
2006;;1;;29;;4;;4;;7;;1;;ARJ;;69;;-0.0765;;-0.075;;-0.0765;;-0.075;;-0.0735;;-0.072;;-0.0675;;-0.05875;;-0.05575;;-0.0555;;-0.0555;;-0.0555;;-0.057;;-0.0585;;-0.05725;;-0.054;;-0.05875;;-0.0555;;-0.0795;;13.198;;16.51275;;16.5455;;8.2635;;-0.075
